0	10	10	0	0	0	0	0	0
1	10	6	11	17	11	71	176	1
2	18	9	11	16	9	69	246	1
3	2	15	15	7	15	75	140	1
4	1	0	20	8	20	80	331	1
5	10	5	10	1	4	64	201	1
6	18	12	1	12	17	77	197	1
7	11	7	1	8	10	70	417	1
8	4	19	0	15	5	65	145	1
9	20	13	7	5	15	75	278	1
10	7	1	1	0	6	66	316	1
11	14	3	5	17	16	76	477	1
12	18	10	18	10	0	60	125	1
13	12	13	16	20	8	68	400	1
14	18	12	2	20	17	77	441	1
15	6	5	1	15	11	71	430	1
16	13	11	12	12	1	61	219	1
17	15	12	14	16	4	64	134	1
18	5	8	14	0	12	72	420	1
19	14	8	0	1	15	75	268	1
20	18	13	2	3	18	78	315	1
21	2	7	2	0	7	67	456	1
22	8	0	17	0	9	69	37	1
23	3	15	17	8	15	75	468	1
24	13	3	20	10	9	69	385	1
25	0	15	12	5	15	75	371	1
26	16	11	9	2	11	71	355	1
27	10	10	18	15	9	69	277	1
28	0	18	11	2	19	79	301	1
29	18	17	4	6	17	77	358	1
30	18	20	14	0	20	80	301	1
31	3	10	3	7	3	63	377	1
32	20	5	14	20	16	76	171	1
33	2	1	1	12	11	71	217	1
34	8	12	6	20	8	68	246	1
35	11	19	4	7	13	73	84	1
36	4	4	3	3	1	61	439	1
37	18	12	20	6	6	66	428	1
38	12	7	7	18	12	72	309	1
39	15	3	19	14	11	71	372	1
40	18	1	15	1	3	63	292	1
41	9	13	10	0	13	73	425	1
42	15	1	16	2	1	61	70	1
43	0	10	20	9	20	80	361	1
44	7	12	15	5	10	70	235	1
45	2	7	16	7	14	74	263	1
46	18	12	20	4	8	68	394	1
47	0	20	18	4	24	84	282	1
48	20	5	7	9	13	73	6	1
49	11	9	8	0	9	69	303	1
50	10	6	17	8	7	67	391	1
51	20	5	12	11	10	70	299	1
52	0	16	11	5	15	75	325	1
53	6	17	11	17	5	65	319	1
54	14	16	6	14	8	68	460	1
55	8	1	14	19	18	78	414	1
56	0	4	12	2	12	72	223	1
57	8	4	7	9	5	65	406	1
58	7	7	3	2	6	66	425	1
59	8	15	10	10	5	65	228	1
60	12	5	7	16	12	72	41	1
61	2	18	10	1	18	78	384	1
62	5	2	14	11	12	72	292	1
63	7	16	9	9	7	67	405	1
64	7	5	5	1	4	64	130	1
65	7	10	7	11	1	61	362	1
66	1	18	7	2	17	77	330	1
67	15	7	11	9	4	64	138	1
68	9	19	18	16	9	69	127	1
69	10	19	4	3	17	77	302	1
70	2	11	5	19	8	68	277	1
71	20	10	15	19	10	70	155	1
72	16	17	15	16	1	61	456	1
73	0	19	4	6	13	73	81	1
74	12	0	17	13	13	73	339	1
75	2	3	20	11	19	79	186	1
76	9	14	13	12	4	64	171	1
77	20	0	2	12	21	81	333	1
78	16	20	10	16	7	67	450	1
79	4	14	9	0	14	74	478	1
80	0	16	13	6	16	76	74	1
81	14	18	3	13	12	72	4	1
82	1	1	8	10	11	71	31	1
83	1	8	11	12	10	70	440	1
84	15	20	11	4	16	76	380	1
85	17	12	1	0	20	80	55	1
86	3	3	20	9	18	78	305	1
87	10	2	9	8	6	66	327	1
88	11	13	10	1	12	72	455	1
89	12	8	19	16	10	70	32	1
90	11	11	13	1	10	70	434	1
91	9	8	5	0	8	68	274	1
92	3	10	2	1	9	69	346	1
93	8	9	10	15	6	66	320	1
94	0	9	5	8	5	65	114	1
95	4	8	14	8	10	70	280	1
96	12	6	19	12	9	69	339	1
97	6	19	17	13	12	72	266	1
98	0	14	11	6	13	73	457	1
99	11	11	5	16	7	67	331	1
100	15	2	18	19	17	77	280	1
101	16	19	20	19	4	64	198	1
102	13	20	14	10	10	70	88	1
103	14	7	19	7	5	65	48	1
104	12	9	17	9	5	65	231	1
105	7	0	3	12	12	72	134	1
106	7	16	12	17	5	65	304	1
107	6	15	19	13	13	73	4	1
108	12	8	16	11	5	65	326	1
109	11	14	18	17	7	67	4	1
110	11	12	14	6	6	66	465	1
111	16	8	4	12	12	72	418	1
112	14	16	18	12	5	65	8	1
113	17	15	19	1	14	74	339	1
114	8	11	13	19	9	69	398	1
115	9	13	12	13	3	63	172	1
116	18	6	3	4	15	75	259	1
117	14	3	1	20	21	81	168	1
118	20	15	20	11	4	64	204	1
119	10	10	2	17	10	70	294	1
120	12	3	5	15	13	73	480	1
121	1	12	17	2	18	78	225	1
122	5	6	13	10	8	68	330	1
123	1	16	6	5	12	72	70	1
124	6	11	2	8	5	65	392	1
125	2	20	5	1	19	79	187	1
126	4	1	20	14	20	80	400	1
127	17	8	12	15	8	68	171	1
128	15	3	10	14	12	72	0	1
129	9	4	7	15	11	71	44	1
130	6	19	4	16	3	63	309	1
131	18	5	19	10	5	65	424	1
132	12	1	4	9	11	71	115	1
133	8	17	19	9	13	73	202	1
134	10	3	15	18	15	75	301	1
135	9	0	6	4	5	65	123	1
136	7	12	4	19	7	67	225	1
137	14	8	1	12	13	73	78	1
138	19	2	10	1	9	69	228	1
139	13	9	13	11	2	62	240	1
140	1	18	19	15	18	78	73	1
141	12	9	17	13	6	66	133	1
142	6	17	20	0	22	82	16	1
143	13	13	15	10	3	63	135	1
144	14	0	14	1	1	61	410	1
145	7	20	8	8	12	72	416	1
146	7	1	4	7	6	66	337	1
147	10	16	10	9	7	67	133	1
148	14	9	4	1	12	72	132	1
149	19	9	1	8	18	78	281	1
150	6	3	3	18	15	75	320	1
151	14	9	6	9	8	68	210	1
152	16	9	10	2	9	69	354	1
153	11	10	15	15	6	66	393	1
154	6	10	3	18	8	68	141	1
155	15	12	4	16	11	71	34	1
156	18	13	11	9	8	68	257	1
157	0	3	13	18	19	79	127	1
158	3	19	13	15	10	70	131	1
159	4	19	14	4	18	78	175	1
160	16	17	0	10	17	77	273	1
161	18	17	6	13	12	72	365	1
162	4	3	1	11	8	68	325	1
163	12	18	8	12	7	67	189	1
164	17	2	14	4	3	63	424	1
165	8	6	1	6	7	67	186	1
166	14	4	20	7	6	66	422	1
167	2	15	6	0	15	75	9	1
168	7	0	20	6	14	74	347	1
169	18	20	8	1	21	81	219	1
170	6	14	7	18	4	64	358	1
171	9	19	4	20	5	65	134	1
172	18	3	7	7	11	71	228	1
173	10	12	4	7	7	67	278	1
174	0	2	5	7	7	67	333	1
175	16	9	4	10	12	72	373	1
176	16	4	1	9	15	75	239	1
177	5	1	9	14	13	73	436	1
178	12	0	5	2	7	67	340	1
179	0	14	8	10	8	68	460	1
180	9	20	13	19	4	64	147	1
181	0	0	12	10	15	75	214	1
182	0	17	10	7	14	74	352	1
183	9	15	17	14	8	68	137	1
184	11	17	0	1	19	79	171	1
185	18	7	10	14	10	70	463	1
186	18	10	1	15	17	77	461	1
187	13	1	14	18	17	77	463	1
188	17	1	7	18	19	79	437	1
189	12	10	6	1	10	70	219	1
190	4	18	5	7	11	71	377	1
191	13	2	11	10	8	68	35	1
192	1	10	9	16	10	70	14	1
193	19	14	3	6	17	77	9	1
194	12	13	20	16	8	68	85	1
195	10	15	20	17	10	70	281	1
196	2	9	6	3	7	67	351	1
197	7	1	4	9	8	68	418	1
198	6	15	5	14	1	61	315	1
199	0	9	19	4	19	79	204	1
200	4	8	17	15	14	74	346	1
201	13	9	7	16	9	69	125	1
202	16	1	14	20	19	79	298	1
203	2	12	0	14	2	62	358	1
204	20	8	6	4	14	74	214	1
205	3	6	1	7	2	62	420	1
206	17	11	13	16	6	66	19	1
207	0	18	7	17	7	67	151	1
208	18	1	10	15	16	76	9	1
209	0	18	8	2	17	77	413	1
210	3	8	2	14	6	66	379	1
211	15	20	0	12	17	77	268	1
212	5	20	8	4	16	76	281	1
213	6	19	0	11	10	70	288	1
214	15	6	17	13	7	67	379	1
215	6	1	5	5	4	64	365	1
216	5	18	20	19	15	75	164	1
217	12	17	17	1	16	76	165	1
218	11	8	1	4	10	70	232	1
219	18	8	10	3	9	69	299	1
220	1	19	0	11	8	68	453	1
221	5	11	18	12	13	73	443	1
222	0	0	10	17	19	79	84	1
223	20	17	16	10	8	68	252	1
224	1	9	4	1	8	68	363	1
225	6	6	10	11	6	66	8	1
226	9	5	15	12	9	69	399	1
227	8	8	12	8	4	64	327	1
228	13	2	19	1	6	66	473	1
229	9	9	2	9	7	67	234	1
230	1	17	17	16	16	76	178	1
231	17	14	1	19	16	76	24	1
232	2	0	0	20	20	80	335	1
233	14	16	7	0	17	77	188	1
234	1	18	10	18	9	69	343	1
235	6	1	16	1	10	70	197	1
236	19	18	14	9	10	70	127	1
237	17	6	8	15	12	72	331	1
238	15	12	8	15	7	67	169	1
239	3	4	7	10	7	67	137	1
240	9	9	8	3	6	66	75	1
241	7	20	5	14	6	66	109	1
242	9	17	12	5	12	72	273	1
243	10	10	14	13	5	65	395	1
244	4	15	7	18	4	64	478	1
245	5	4	15	12	12	72	200	1
246	18	18	11	13	8	68	134	1
247	9	15	4	15	5	65	155	1
248	9	8	9	5	3	63	95	1
249	7	19	8	15	4	64	427	1
250	20	14	18	16	2	62	125	1
251	7	5	2	12	8	68	319	1
252	16	14	12	9	6	66	83	1
253	14	4	8	12	10	70	270	1
254	8	12	10	3	9	69	59	1
255	19	18	20	15	3	63	258	1
256	20	14	18	8	6	66	335	1
257	8	16	0	7	12	72	126	1
258	14	12	15	2	10	70	288	1
259	3	11	10	10	7	67	337	1
260	19	9	12	13	8	68	100	1
261	5	17	3	18	2	62	322	1
262	19	0	4	8	17	77	55	1
263	10	0	0	13	16	76	345	1
264	16	19	19	5	14	74	451	1
265	19	3	10	2	9	69	352	1
266	17	3	12	1	5	65	20	1
267	11	14	10	14	1	61	259	1
268	20	17	6	10	15	75	75	1
269	5	6	1	11	6	66	69	1
270	19	15	3	8	17	77	463	1
271	18	15	4	14	14	74	347	1
272	10	9	20	2	12	72	8	1
273	10	2	13	4	3	63	63	1
274	8	13	5	3	10	70	31	1
275	13	14	11	4	10	70	388	1
276	16	5	10	1	7	67	99	1
277	18	4	7	2	11	71	355	1
278	15	16	17	4	12	72	260	1
279	10	5	8	2	3	63	203	1
280	7	20	15	18	8	68	315	1
281	7	12	2	9	5	65	61	1
282	13	18	19	3	16	76	234	1
283	18	16	19	14	2	62	311	1
284	2	0	12	0	10	70	158	1
285	12	9	12	0	9	69	240	1
286	3	1	3	12	11	71	401	1
287	18	18	2	3	21	81	189	1
288	19	17	10	6	14	74	429	1
289	18	7	12	15	10	70	282	1
290	13	3	0	8	13	73	94	1
291	12	13	3	10	9	69	169	1
292	7	14	20	7	14	74	78	1
293	17	5	3	13	16	76	323	1
294	10	2	12	19	17	77	422	1
295	6	18	14	2	17	77	15	1
296	17	4	2	12	17	77	162	1
297	4	8	11	6	7	67	181	1
298	20	15	18	11	4	64	203	1
299	9	9	20	13	11	71	134	1
300	8	2	12	20	18	78	231	1
301	6	1	7	11	10	70	334	1
302	7	4	15	11	10	70	272	1
303	6	19	4	20	2	62	210	1
304	14	7	8	10	6	66	88	1
305	0	6	19	3	19	79	134	1
306	13	11	11	16	5	65	476	1
307	10	19	12	14	5	65	245	1
308	6	4	8	15	11	71	128	1
309	8	5	8	5	0	60	53	1
310	2	9	3	12	3	63	343	1
311	5	18	15	7	14	74	140	1
312	8	12	0	12	8	68	30	1
313	19	8	1	20	21	81	112	1
314	10	0	1	20	21	81	62	1
315	12	11	10	15	4	64	321	1
316	1	17	11	9	12	72	298	1
317	10	13	9	6	7	67	304	1
318	1	16	11	12	10	70	323	1
319	17	4	6	18	17	77	123	1
320	17	2	12	15	13	73	472	1
321	18	0	1	1	17	77	143	1
322	10	14	6	20	7	67	20	1
323	1	5	14	15	16	76	478	1
324	15	19	11	6	13	73	468	1
325	11	2	16	8	7	67	346	1
326	7	3	0	12	11	71	199	1
327	4	7	9	15	9	69	65	1
328	0	4	1	18	14	74	229	1
329	16	5	13	3	3	63	212	1
330	18	11	2	15	16	76	439	1
331	13	9	12	13	4	64	113	1
332	15	7	12	18	11	71	246	1
333	10	15	19	16	9	69	458	1
334	20	3	6	7	14	74	451	1
335	15	10	4	8	11	71	17	1
336	10	3	0	10	12	72	217	1
337	3	20	7	4	16	76	204	1
338	13	13	9	10	5	65	44	1
339	7	17	14	13	8	68	100	1
340	14	18	9	15	5	65	365	1
341	10	0	10	18	18	78	242	1
342	17	13	16	5	8	68	96	1
343	12	5	3	7	9	69	95	1
344	16	19	18	9	10	70	457	1
345	8	11	17	3	12	72	447	1
346	10	10	12	19	9	69	324	1
347	5	3	5	4	1	61	305	1
348	8	8	2	19	12	72	70	1
349	11	13	9	6	7	67	47	1
350	4	3	6	20	17	77	289	1