0	30	30	0	0	0	0	0	0
1	46	52	6	7	60	120	304	1
2	26	47	5	56	22	82	224	1
3	17	19	8	15	9	69	369	1
4	1	26	42	19	41	101	285	1
5	7	4	35	38	44	104	210	1
6	10	47	43	17	44	104	329	1
7	45	8	11	0	34	94	79	1
8	58	18	25	21	33	93	69	1
9	44	16	36	3	15	75	272	1
10	4	44	37	8	48	108	150	1
11	60	6	21	24	42	102	171	1
12	11	2	47	58	66	126	227	1
13	32	40	40	35	9	69	378	1
14	31	9	33	6	3	63	31	1
15	0	3	55	34	63	123	404	1
16	9	19	38	0	34	94	253	1
17	5	35	6	24	11	71	250	1
18	16	13	7	9	9	69	110	1
19	39	7	50	32	27	87	387	1
20	4	21	7	39	18	78	258	1
21	55	59	20	44	38	98	299	1
22	15	1	7	0	8	68	49	1
23	28	17	48	9	21	81	327	1
24	44	6	21	33	35	95	259	1
25	9	35	12	13	22	82	273	1
26	21	29	2	45	24	84	272	1
27	17	48	53	9	53	113	214	1
28	13	23	30	14	19	79	313	1
29	9	34	40	38	31	91	266	1
30	32	46	23	45	9	69	109	1
31	0	22	3	52	30	90	51	1
32	29	46	31	37	9	69	31	1
33	43	37	50	36	7	67	20	1
34	38	11	20	7	18	78	113	1
35	59	24	59	29	5	65	171	1
36	35	51	47	50	12	72	59	1
37	13	51	60	56	47	107	243	1
38	44	54	21	13	47	107	465	1
39	11	38	9	2	36	96	93	1
40	42	44	39	47	4	64	157	1
41	28	1	53	50	55	115	243	1
42	2	21	26	0	31	91	277	1
43	2	30	34	18	34	94	109	1
44	12	0	60	28	55	115	451	1
45	45	11	52	18	9	69	253	1
46	0	23	52	47	57	117	413	1
47	59	51	59	48	3	63	70	1
48	11	53	38	5	55	115	243	1
49	41	29	40	45	16	76	262	1
50	35	39	16	27	22	82	76	1
51	9	16	20	46	31	91	116	1
52	25	51	47	54	22	82	228	1
53	48	57	20	37	34	94	114	1
54	4	1	7	7	6	66	95	1
55	10	39	19	37	9	69	145	1
56	9	9	44	7	35	95	263	1
57	6	1	3	53	52	112	405	1
58	38	26	2	57	47	107	388	1
59	37	40	45	50	12	72	476	1
60	26	15	48	12	22	82	132	1
61	11	31	35	41	26	86	51	1
62	1	17	14	60	44	104	63	1
63	53	57	37	23	37	97	95	1
64	18	54	45	25	39	99	200	1
65	57	3	28	51	56	116	424	1
66	52	14	57	46	32	92	86	1
67	57	0	0	20	60	120	287	1
68	57	9	16	34	48	108	78	1
69	45	36	39	6	30	90	46	1
70	25	43	1	35	25	85	28	1
71	24	53	45	44	22	82	358	1
72	20	6	57	20	39	99	318	1
73	47	35	48	38	3	63	304	1
74	56	35	47	60	26	86	474	1
75	23	23	14	41	20	80	244	1
76	58	6	11	16	48	108	378	1
77	50	47	10	14	51	111	19	1
78	20	25	28	35	12	72	206	1
79	39	4	27	22	21	81	477	1
80	27	48	38	21	29	89	463	1
81	47	57	7	47	41	101	214	1
82	5	12	20	22	18	78	454	1
83	14	56	49	36	40	100	200	1
84	0	10	21	28	27	87	82	1
85	20	11	41	33	30	90	196	1
86	24	20	47	40	30	90	117	1
87	51	55	47	44	11	71	393	1
88	51	60	11	13	61	121	157	1
89	17	3	3	53	51	111	26	1
90	0	53	4	9	44	104	469	1
91	32	23	11	20	21	81	406	1
92	17	9	53	31	42	102	212	1
93	34	20	57	37	28	88	80	1
94	20	10	21	43	33	93	98	1
95	41	10	22	46	40	100	158	1
96	10	49	6	29	20	80	264	1
97	36	36	58	2	40	100	48	1
98	54	17	21	1	36	96	129	1
99	0	1	16	25	28	88	207	1
100	31	21	52	2	28	88	224	1
101	53	35	42	33	11	71	440	1
102	40	22	4	1	41	101	418	1
103	55	48	44	28	22	82	457	1
104	32	58	3	44	32	92	161	1
105	60	6	41	15	21	81	111	1
106	51	25	37	16	16	76	454	1
107	59	49	3	14	66	126	165	1
108	55	47	21	15	46	106	226	1
109	47	42	57	13	30	90	248	1
110	20	1	45	23	33	93	307	1
111	35	5	26	10	10	70	371	1
112	33	11	40	47	36	96	422	1
113	39	48	30	49	9	69	54	1
114	17	12	57	43	50	110	55	1
115	50	23	39	28	12	72	353	1
116	39	60	15	13	52	112	433	1
117	55	5	11	30	50	110	175	1
118	30	4	24	26	22	82	176	1
119	31	38	52	15	31	91	60	1
120	10	11	2	43	32	92	70	1
121	31	53	12	42	21	81	209	1
122	27	58	42	26	35	95	174	1
123	29	1	29	45	44	104	357	1
124	46	26	24	55	36	96	462	1
125	36	53	21	5	50	110	275	1
126	45	36	6	32	39	99	464	1
127	0	56	53	2	75	135	324	1
128	53	21	8	4	48	108	112	1
129	20	17	43	38	31	91	412	1
130	44	21	9	43	41	101	94	1
131	44	3	10	58	64	124	419	1
132	31	57	38	11	46	106	436	1
133	29	22	60	56	46	106	349	1
134	26	11	46	40	35	95	101	1
135	45	59	19	33	36	96	238	1
136	13	10	26	38	30	90	451	1
137	32	50	53	14	41	101	429	1
138	23	15	51	20	28	88	261	1
139	27	54	20	43	13	73	73	1
140	58	11	10	37	54	114	31	1
141	13	29	57	51	49	109	100	1
142	8	31	26	44	22	82	20	1
143	54	29	45	58	30	90	147	1
144	58	21	17	2	45	105	56	1
145	20	46	53	7	51	111	217	1
146	60	50	33	11	47	107	439	1
147	8	23	31	2	31	91	193	1
148	7	53	54	52	47	107	211	1
149	4	60	32	19	49	109	66	1
150	17	27	56	22	39	99	363	1
151	56	26	59	18	8	68	360	1
152	51	32	44	39	9	69	9	1
153	7	13	31	15	24	84	453	1
154	0	6	18	34	33	93	296	1
155	33	46	55	32	26	86	427	1
156	36	24	9	40	31	91	436	1
157	36	9	2	56	58	118	311	1
158	12	2	37	52	55	115	70	1
159	29	5	9	51	50	110	290	1
160	30	44	35	12	32	92	22	1
161	60	43	49	24	21	81	387	1
162	3	56	9	44	13	73	479	1
163	25	17	49	46	37	97	124	1
164	13	2	34	57	58	118	18	1
165	41	57	60	55	19	79	39	1
166	60	46	33	18	38	98	476	1
167	39	4	29	54	50	110	226	1
168	4	21	12	52	32	92	113	1
169	60	36	39	31	21	81	413	1
170	44	2	44	9	7	67	21	1
171	60	18	27	42	40	100	287	1
172	0	47	16	30	23	83	118	1
173	15	22	1	19	14	74	164	1
174	19	25	22	41	16	76	70	1
175	0	46	55	12	64	124	197	1
176	7	34	49	18	44	104	118	1
177	18	18	23	29	12	72	275	1
178	12	4	3	21	19	79	334	1
179	2	44	12	50	11	71	179	1
180	18	15	46	59	52	112	184	1
181	28	38	16	5	35	95	393	1
182	59	34	17	37	42	102	247	1
183	32	9	19	53	45	105	208	1
184	15	54	29	50	14	74	184	1
185	44	26	35	0	27	87	60	1
186	37	58	24	29	31	91	176	1
187	5	29	14	19	13	73	245	1
188	46	4	7	41	53	113	367	1
189	57	28	21	53	43	103	95	1
190	49	56	37	57	12	72	121	1
191	23	56	39	13	45	105	422	1
192	55	60	12	54	43	103	209	1
193	22	42	44	35	23	83	138	1
194	26	10	60	24	36	96	348	1
195	50	48	39	47	11	71	254	1
196	51	56	30	30	33	93	96	1
197	26	21	3	30	24	84	416	1
198	20	29	25	48	19	79	254	1
199	59	32	51	13	20	80	460	1
200	21	43	51	59	34	94	379	1
201	37	9	39	51	42	102	153	1
202	10	3	29	53	53	113	363	1
203	9	1	25	8	17	77	181	1
204	13	49	52	9	55	115	210	1
205	3	21	48	50	53	113	242	1
206	25	18	35	35	19	79	127	1
207	49	45	15	57	36	96	254	1
208	35	0	11	15	28	88	173	1
209	34	37	43	15	23	83	285	1
210	36	36	26	13	25	85	436	1
211	58	55	42	1	56	116	391	1
212	39	20	44	29	10	70	404	1
213	2	49	22	41	21	81	416	1
214	10	40	10	49	9	69	161	1
215	36	2	60	33	39	99	97	1
216	27	17	1	31	29	89	113	1
217	7	48	7	55	7	67	186	1
218	21	16	54	37	39	99	360	1
219	25	2	7	35	37	97	96	1
220	0	18	12	18	12	72	416	1
221	38	32	52	50	22	82	179	1
222	26	46	56	35	31	91	442	1
223	30	5	37	60	55	115	362	1
224	57	60	30	50	28	88	267	1
225	47	23	18	40	33	93	67	1
226	13	17	43	45	41	101	350	1
227	38	52	34	55	5	65	208	1
228	48	24	35	7	21	81	76	1
229	17	39	50	1	50	110	399	1
230	46	34	22	15	30	90	135	1
231	52	59	4	47	49	109	188	1
232	37	42	34	7	35	95	195	1
233	8	1	35	49	55	115	66	1
234	45	13	12	24	34	94	52	1
235	57	0	52	38	38	98	451	1
236	30	6	40	35	30	90	35	1
237	8	35	41	48	35	95	275	1
238	24	3	4	20	26	86	207	1
239	42	47	59	56	19	79	340	1
240	28	3	58	19	34	94	38	1
241	9	18	60	27	51	111	56	1
242	46	56	57	56	11	71	347	1
243	36	29	24	42	17	77	273	1
244	58	11	14	50	58	118	248	1
245	4	48	24	28	28	88	394	1
246	44	21	19	15	25	85	197	1
247	30	43	38	53	12	72	121	1
248	58	44	57	19	25	85	141	1
249	58	21	57	4	17	77	119	1
250	10	25	33	50	33	93	220	1
251	46	25	22	19	24	84	261	1
252	57	32	3	55	58	118	91	1
253	28	14	40	25	16	76	342	1
254	12	54	6	17	37	97	415	1
255	7	38	59	50	53	113	105	1
256	42	21	58	7	21	81	229	1
257	0	55	10	42	16	76	109	1
258	17	4	29	47	44	104	209	1
259	56	13	51	16	5	65	306	1
260	58	38	15	27	44	104	334	1
261	15	47	59	5	60	120	325	1
262	19	47	11	0	47	107	426	1
263	45	55	19	49	26	86	217	1
264	23	24	9	2	26	86	81	1
265	12	1	26	9	16	76	244	1
266	48	7	47	45	38	98	418	1
267	48	3	48	56	53	113	201	1
268	27	33	54	0	42	102	469	1
269	23	34	29	40	8	68	437	1
270	53	59	15	55	38	98	361	1
271	24	19	44	5	24	84	78	1
272	10	22	27	30	18	78	37	1
273	44	55	20	20	42	102	279	1
274	3	31	31	27	28	88	465	1
275	3	44	23	52	21	81	114	1
276	34	6	21	42	38	98	14	1
277	31	42	17	27	20	80	77	1
278	33	42	12	4	43	103	121	1
279	30	44	22	7	37	97	159	1
280	14	0	56	13	43	103	68	1
281	14	42	2	54	16	76	315	1
282	27	22	12	20	15	75	213	1
283	37	42	7	51	31	91	446	1
284	14	18	45	42	39	99	335	1
285	12	12	47	51	52	112	224	1
286	45	51	20	27	34	94	253	1
287	29	20	40	38	21	81	334	1
288	45	44	4	28	44	104	270	1
289	45	46	46	23	23	83	125	1
290	17	57	11	44	14	74	32	1
291	33	45	15	4	44	104	76	1
292	10	55	57	25	55	115	106	1
293	7	16	44	8	37	97	25	1
294	60	12	15	19	45	105	323	1
295	32	52	46	32	24	84	444	1
296	36	49	37	18	31	91	185	1
297	9	17	51	50	53	113	277	1
298	51	16	32	57	45	105	133	1
299	18	1	0	1	18	78	287	1
300	8	54	30	44	24	84	66	1
301	50	1	36	33	34	94	402	1
302	8	20	4	51	31	91	139	1
303	58	18	22	20	36	96	259	1
304	37	12	42	16	6	66	275	1
305	55	14	48	35	22	82	18	1
306	36	49	22	44	14	74	287	1
307	52	38	34	20	25	85	101	1
308	44	50	7	27	43	103	437	1
309	54	23	30	12	26	86	192	1
310	47	42	5	57	44	104	325	1
311	57	11	35	14	22	82	477	1
312	4	34	28	9	34	94	255	1
313	11	45	47	35	37	97	57	1
314	19	59	2	23	39	99	263	1
315	32	31	46	12	23	83	363	1
316	42	31	36	41	11	71	207	1
317	51	39	43	5	34	94	190	1
318	55	33	40	56	27	87	144	1
319	58	0	7	25	56	116	294	1
320	13	12	37	2	26	86	443	1
321	37	37	25	53	20	80	301	1
322	35	59	9	48	28	88	299	1
323	43	34	12	54	36	96	122	1
324	5	24	58	42	55	115	174	1
325	57	25	60	13	12	72	396	1
326	12	27	6	17	11	71	178	1
327	11	48	6	6	42	102	430	1
328	57	7	17	36	49	109	13	1
329	8	12	21	33	24	84	194	1
330	7	31	10	54	23	83	371	1
331	33	17	8	30	28	88	468	1
332	8	16	5	5	11	71	312	1
333	49	9	54	34	25	85	239	1
334	37	39	35	31	8	68	162	1
335	31	41	43	33	14	74	451	1
336	36	22	52	14	17	77	384	1
337	25	47	31	0	47	107	404	1
338	43	10	49	7	6	66	189	1
339	51	56	25	3	59	119	31	1
340	32	2	22	27	26	86	171	1
341	35	16	38	43	27	87	281	1
342	18	19	54	0	40	100	211	1
343	15	30	37	26	22	82	272	1
344	36	44	38	31	13	73	342	1
345	23	30	25	7	23	83	188	1
346	46	46	14	35	33	93	212	1
347	16	19	15	57	38	98	287	1
348	60	0	15	0	45	105	433	1
349	20	28	52	11	36	96	405	1
350	53	21	37	22	16	76	448	1
351	46	13	48	16	3	63	391	1
352	28	60	35	6	54	114	239	1
353	59	24	1	32	58	118	313	1
354	21	19	27	9	11	71	272	1
355	8	1	24	3	16	76	450	1
356	59	47	40	31	24	84	360	1
357	17	15	55	17	38	98	446	1
358	1	35	36	7	44	104	330	1
359	16	3	34	30	32	92	423	1
360	56	1	57	34	33	93	415	1
361	26	27	60	7	39	99	61	1
362	48	38	54	8	30	90	56	1
363	23	52	12	1	52	112	122	1
364	39	53	42	12	41	101	190	1
365	30	5	31	56	51	111	277	1
366	13	35	13	26	9	69	33	1
367	24	42	2	48	22	82	299	1
368	49	14	38	60	47	107	328	1
369	58	7	17	14	41	101	225	1
370	51	59	11	39	44	104	234	1
371	37	21	31	29	10	70	460	1
372	11	13	11	9	4	64	230	1
373	24	15	44	33	26	86	99	1
374	0	5	32	40	47	107	293	1
375	4	28	29	37	26	86	0	1
376	0	11	42	33	47	107	408	1
377	0	40	29	15	38	98	279	1
378	60	20	53	18	7	67	372	1
379	53	43	17	18	43	103	315	1
380	32	10	14	17	19	79	452	1
381	7	3	7	59	56	116	101	1
382	11	30	20	23	11	71	34	1
383	5	16	20	31	21	81	390	1
384	50	33	19	20	33	93	218	1
385	15	15	20	28	13	73	104	1
386	48	52	9	27	46	106	200	1
387	27	1	5	51	54	114	479	1
388	12	43	54	18	48	108	268	1
389	16	44	31	22	26	86	373	1
390	9	47	15	27	20	80	252	1
391	9	42	20	28	17	77	368	1
392	36	44	28	10	34	94	329	1
393	56	22	30	42	32	92	220	1
394	1	59	50	1	75	135	159	1
395	32	1	3	43	51	111	463	1
396	52	49	26	49	26	86	29	1
397	57	42	1	39	56	116	349	1
398	2	25	15	20	13	73	346	1
399	31	27	51	7	28	88	23	1
400	44	45	23	23	30	90	329	1
401	56	46	31	18	37	97	220	1
402	0	57	57	39	59	119	199	1
403	33	34	32	18	16	76	388	1
404	7	4	44	23	41	101	399	1
405	27	4	11	17	20	80	25	1
406	35	39	45	48	13	73	446	1
407	49	17	34	16	15	75	51	1
408	10	6	21	7	11	71	234	1
409	40	21	21	42	28	88	454	1
410	54	3	37	27	29	89	439	1
411	15	15	1	20	14	74	350	1
412	1	9	24	44	41	101	106	1
413	6	36	59	2	62	122	67	1
414	2	15	25	23	24	84	451	1
415	46	43	29	40	17	77	237	1
416	55	12	39	6	17	77	17	1
417	32	21	24	24	8	68	463	1
418	22	3	26	44	41	101	343	1
419	53	46	21	51	32	92	433	1
420	60	55	25	56	35	95	374	1
421	56	58	13	56	43	103	303	1
422	54	12	55	6	6	66	336	1
423	26	29	15	32	11	71	310	1
424	47	58	44	13	45	105	133	1
425	58	39	23	49	36	96	286	1
426	29	10	55	9	26	86	11	1
427	40	35	3	58	43	103	64	1
428	11	56	42	7	57	117	298	1
429	17	6	50	52	56	116	457	1
430	17	60	26	14	46	106	206	1
431	60	32	34	59	37	97	46	1
432	4	30	13	3	28	88	426	1
433	60	4	20	20	43	103	204	1
434	41	48	41	28	20	80	115	1
435	14	12	16	35	23	83	243	1
436	9	6	55	43	59	119	260	1
437	19	22	34	21	15	75	235	1
438	27	16	39	9	13	73	189	1
439	53	43	22	22	37	97	325	1
440	46	5	59	29	27	87	467	1
441	35	48	43	5	43	103	130	1
442	32	5	24	59	54	114	177	1
443	33	18	53	56	42	102	159	1
444	53	36	18	53	38	98	8	1
445	7	30	28	52	30	90	347	1
446	42	36	40	20	16	76	196	1
447	24	53	33	33	21	81	16	1
448	9	45	35	25	32	92	11	1
449	56	24	45	46	24	84	412	1
450	1	25	32	18	31	91	400	1
451	38	51	49	49	11	71	105	1
452	25	1	27	45	44	104	119	1
453	29	36	38	9	28	88	205	1
454	31	11	26	11	5	65	371	1
455	14	27	12	51	24	84	126	1
456	6	35	51	27	45	105	34	1
457	42	44	5	50	37	97	97	1
458	16	12	26	18	11	71	256	1
459	46	41	35	11	31	91	164	1
460	10	15	60	56	64	124	33	1
461	41	49	4	21	46	106	33	1
462	9	57	38	1	63	123	261	1
463	0	0	57	54	78	138	474	1
464	58	38	22	27	37	97	174	1
465	36	36	52	11	29	89	405	1
466	39	25	32	23	7	67	428	1
467	53	53	35	40	22	82	55	1
468	5	48	14	4	44	104	188	1
469	48	19	38	48	30	90	469	1
470	44	28	56	59	33	93	393	1
471	45	15	25	43	34	94	176	1
472	18	13	30	3	15	75	368	1
473	51	18	46	44	26	86	279	1
474	51	1	40	28	29	89	68	1
475	46	48	5	49	41	101	10	1
476	50	18	6	3	46	106	156	1
477	37	18	34	40	22	82	24	1
478	28	40	59	36	31	91	52	1
479	19	59	32	18	43	103	79	1
480	0	15	52	54	65	125	305	1
481	8	57	47	56	39	99	440	1
482	28	49	18	28	23	83	109	1
483	50	17	35	44	30	90	39	1
484	43	5	60	15	19	79	2	1
485	17	36	38	26	23	83	250	1
486	6	20	35	51	42	102	25	1
487	55	43	19	0	56	116	446	1
488	6	30	10	16	14	74	424	1
489	60	14	56	20	7	67	261	1
490	1	5	48	53	67	127	228	1
491	21	12	0	12	21	81	390	1
492	11	55	32	29	33	93	236	1
493	59	16	21	58	56	116	23	1
494	31	55	13	38	24	84	173	1
495	26	28	44	28	18	78	309	1
496	29	3	8	4	21	81	62	1
497	9	15	59	24	50	110	97	1
498	0	18	6	57	39	99	423	1
499	6	10	52	5	46	106	188	1
500	60	10	40	56	50	110	114	1
501	60	27	49	28	11	71	123	1
502	22	24	40	44	26	86	240	1
503	49	59	26	44	27	87	360	1
504	51	0	15	11	37	97	476	1
505	9	56	44	33	41	101	118	1
506	8	11	5	3	8	68	265	1
507	39	58	45	35	23	83	332	1
508	36	55	27	30	26	86	30	1
509	45	28	50	39	12	72	280	1
510	31	18	53	43	33	93	424	1
511	59	0	13	2	46	106	365	1
512	55	44	20	13	46	106	133	1
513	31	22	38	16	9	69	163	1
514	19	52	43	46	24	84	293	1
515	59	12	34	50	45	105	272	1
516	38	45	26	19	28	88	362	1
517	0	27	26	29	26	86	6	1
518	47	57	5	25	52	112	473	1
519	30	26	20	51	26	86	458	1
520	32	42	27	24	18	78	337	1
521	6	37	34	48	30	90	437	1
522	29	60	57	38	35	95	58	1
523	3	50	23	28	29	89	84	1
524	44	18	42	19	2	62	431	1
525	8	60	9	52	8	68	41	1
526	25	15	24	3	12	72	469	1
527	55	1	57	7	6	66	11	1
528	26	58	3	40	29	89	304	1
529	24	54	51	15	47	107	470	1
530	16	41	39	25	28	88	178	1
531	56	53	5	60	51	111	116	1
532	57	33	59	51	18	78	265	1
533	60	51	36	15	43	103	115	1
534	6	43	8	31	12	72	474	1
535	35	19	45	37	20	80	17	1
536	50	55	38	0	56	116	148	1
537	48	26	54	34	10	70	113	1
538	28	31	55	18	29	89	147	1
539	12	10	41	58	56	116	27	1
540	22	48	0	17	38	98	103	1
541	8	8	22	56	50	110	214	1
542	16	19	37	15	21	81	143	1
543	25	24	30	52	28	88	113	1
544	46	23	10	43	41	101	220	1
545	45	4	34	25	23	83	331	1
546	42	56	55	27	31	91	92	1
547	37	24	60	8	28	88	217	1
548	11	51	52	50	41	101	311	1
549	20	5	32	26	24	84	157	1
550	34	12	41	19	9	69	419	1
551	19	8	11	46	38	98	211	1
552	7	22	58	46	56	116	48	1
553	16	46	36	37	21	81	371	1
554	46	23	2	53	53	113	272	1
555	41	40	35	50	11	71	212	1
556	42	36	0	12	48	108	394	1
557	15	25	45	17	31	91	311	1
558	31	48	2	6	51	111	189	1
559	60	43	4	4	68	128	316	1
560	28	45	32	24	21	81	240	1
561	8	14	52	12	44	104	303	1
562	6	53	38	27	41	101	143	1
563	32	16	12	26	22	82	312	1
564	1	59	51	29	58	118	413	1
565	0	56	24	52	24	84	234	1
566	13	45	58	7	58	118	151	1
567	53	57	20	48	34	94	320	1
568	6	0	8	45	45	105	343	1
569	13	13	43	13	30	90	100	1
570	27	41	7	46	20	80	439	1
571	28	44	18	25	21	81	273	1
572	14	28	56	45	45	105	231	1
573	19	1	60	59	71	131	310	1
574	40	58	15	36	33	93	3	1
575	35	17	46	23	12	72	324	1
576	54	10	58	24	14	74	412	1
577	31	39	29	49	10	70	32	1
578	35	24	47	57	35	95	457	1
579	6	42	16	31	14	74	350	1
580	48	33	7	3	50	110	471	1
581	9	11	52	56	62	122	188	1
582	22	60	24	28	32	92	345	1
583	5	4	50	42	58	118	144	1
584	22	27	24	32	5	65	245	1
585	30	20	48	60	43	103	87	1
586	33	31	1	46	35	95	184	1
587	3	5	6	46	41	101	422	1
588	44	43	42	48	5	65	1	1
589	53	48	59	4	44	104	90	1
590	46	6	60	11	14	74	114	1
591	23	57	4	17	44	104	164	1
592	15	6	12	43	37	97	393	1
593	43	19	25	57	42	102	66	1
594	36	48	14	52	22	82	359	1
595	24	8	6	41	37	97	287	1
596	55	55	60	13	42	102	17	1
597	27	29	2	51	33	93	271	1
598	57	0	3	58	79	139	175	1
599	6	24	15	12	15	75	106	1
600	2	36	42	14	45	105	406	1
601	7	34	33	47	29	89	132	1
602	46	28	46	42	14	74	410	1
603	8	52	17	58	10	70	133	1
604	16	51	34	16	39	99	363	1
605	20	41	17	45	5	65	269	1
606	32	23	16	8	21	81	353	1
607	35	29	59	59	38	98	42	1
608	14	5	47	30	41	101	302	1
609	30	34	58	45	30	90	236	1
610	29	14	47	31	24	84	302	1
611	41	26	38	26	3	63	391	1
612	20	15	27	35	21	81	85	1
613	9	41	2	55	15	75	166	1
614	23	40	51	53	30	90	431	1
615	57	8	25	20	34	94	70	1
616	12	27	60	54	55	115	216	1
617	14	42	21	21	22	82	377	1
618	55	16	32	29	26	86	99	1
619	19	1	17	1	2	62	337	1
620	17	45	21	38	8	68	319	1
621	33	46	17	25	26	86	440	1
622	27	40	0	40	27	87	476	1
623	34	38	23	3	36	96	143	1
624	3	21	39	43	42	102	176	1
625	41	22	40	3	19	79	7	1
626	9	35	38	55	35	95	172	1
627	48	41	44	33	8	68	49	1
628	47	49	43	32	17	77	93	1
629	17	5	29	32	29	89	352	1
630	50	6	22	44	47	107	66	1
631	56	52	51	15	37	97	472	1
632	51	58	20	54	31	91	309	1
633	14	12	42	2	29	89	272	1
634	27	49	35	33	17	77	2	1
635	20	8	2	28	26	86	293	1
636	5	20	3	51	31	91	243	1
637	21	36	35	42	15	75	325	1
638	52	22	60	35	15	75	142	1
639	4	37	31	5	41	101	219	1
640	26	43	45	41	19	79	242	1
641	55	59	13	55	42	102	364	1
642	32	45	49	30	22	82	19	1
643	43	32	12	6	40	100	92	1
644	7	35	19	42	13	73	245	1
645	19	39	39	3	41	101	344	1
646	52	39	43	44	10	70	75	1
647	31	41	52	29	24	84	225	1
648	25	10	23	45	35	95	322	1
649	45	47	38	7	40	100	251	1
650	22	3	38	59	58	118	228	1
651	32	2	22	52	50	110	210	1
652	21	46	34	16	32	92	322	1
653	10	13	37	13	27	87	197	1
654	14	39	24	45	11	71	83	1
655	31	58	17	51	15	75	171	1
656	1	18	11	8	14	74	345	1
657	20	19	32	14	13	73	77	1
658	17	11	20	2	9	69	16	1
659	57	35	60	55	20	80	144	1
660	2	5	48	54	67	127	449	1
661	8	23	16	58	35	95	23	1
662	3	26	38	52	43	103	437	1
663	13	15	41	27	30	90	66	1
664	0	34	48	36	48	108	220	1
665	32	20	2	42	37	97	181	1
666	56	22	42	14	16	76	447	1
667	32	50	54	5	50	110	391	1
668	31	10	17	3	15	75	178	1
669	26	60	41	8	54	114	31	1
670	58	54	26	38	35	95	98	1
671	27	22	3	14	25	85	291	1
672	15	33	10	38	7	67	326	1
673	18	1	40	37	42	102	304	1
674	54	47	39	38	17	77	59	1
675	59	20	58	36	16	76	191	1
676	16	50	28	49	12	72	212	1
677	44	10	12	34	40	100	370	1
678	21	8	17	55	47	107	29	1
679	11	30	56	41	46	106	470	1
680	24	20	0	23	24	84	37	1
681	40	27	42	43	16	76	182	1
682	16	39	60	59	48	108	85	1
683	37	23	40	3	20	80	457	1
684	55	48	58	58	10	70	38	1
685	5	1	15	19	20	80	122	1
686	15	2	25	45	44	104	28	1
687	0	17	7	28	13	73	347	1
688	54	38	60	28	11	71	4	1
689	25	56	11	20	38	98	53	1
690	37	9	38	28	19	79	42	1
691	55	39	59	42	5	65	313	1
692	32	29	17	15	20	80	7	1
693	37	41	33	39	4	64	277	1
694	21	35	15	41	8	68	383	1
695	60	42	23	20	43	103	35	1
696	12	1	55	16	45	105	122	1
697	48	32	56	36	8	68	245	1
698	24	0	18	18	18	78	24	1
699	13	18	60	0	50	110	248	1
700	26	53	36	30	25	85	354	1
701	59	5	0	35	66	126	337	1
702	58	58	17	18	57	117	225	1
703	2	12	37	17	35	95	211	1
704	39	0	58	51	54	114	171	1
705	1	60	38	17	56	116	266	1
706	8	55	38	38	34	94	342	1
707	55	34	31	38	24	84	249	1
708	59	50	26	32	37	97	74	1
709	10	0	40	34	45	105	200	1
710	48	21	0	52	57	117	110	1
711	49	35	37	27	14	74	203	1
712	41	42	43	38	4	64	9	1
713	21	43	51	15	41	101	189	1
714	10	46	2	46	8	68	180	1
715	55	58	22	52	33	93	247	1
716	39	46	4	40	35	95	89	1
717	41	9	50	52	43	103	256	1
718	20	51	12	53	8	68	14	1
719	49	32	3	49	49	109	51	1
720	27	22	9	46	30	90	96	1
721	5	24	12	31	9	69	293	1
722	56	46	19	22	44	104	320	1
723	15	9	29	4	14	74	471	1
724	16	40	6	10	31	91	299	1
725	50	58	42	28	31	91	222	1
726	25	39	4	60	29	89	205	1
727	37	52	54	49	17	77	42	1
728	59	35	21	28	38	98	93	1
729	50	21	31	58	41	101	141	1
730	51	11	42	17	10	70	310	1
731	57	15	29	13	28	88	377	1
732	49	32	53	14	18	78	225	1
733	57	29	53	20	9	69	410	1
734	9	21	12	42	21	81	17	1
735	44	31	14	17	33	93	225	1
736	59	29	17	8	46	106	339	1
737	24	13	30	60	47	107	162	1
738	59	59	41	38	27	87	224	1
739	25	40	51	12	38	98	293	1
740	4	9	36	22	34	94	345	1
741	46	23	55	16	11	71	264	1
742	2	43	43	11	52	112	422	1
743	60	3	48	40	38	98	373	1
744	32	46	45	42	13	73	46	1
745	47	37	27	60	30	90	365	1
746	33	16	20	23	14	74	238	1
747	33	36	48	27	17	77	7	1
748	46	33	36	25	12	72	132	1
749	52	37	17	9	44	104	120	1
750	11	40	38	4	45	105	72	1
751	50	4	8	18	44	104	185	1
752	7	23	56	53	57	117	244	1
753	11	11	30	37	32	92	72	1
754	32	18	43	11	13	73	303	1
755	53	40	26	46	27	87	295	1
756	19	16	58	12	39	99	230	1
757	28	31	49	26	21	81	62	1
758	16	26	9	39	14	74	336	1
759	50	56	48	58	2	62	202	1
760	22	60	56	36	41	101	266	1
761	18	15	44	49	42	102	2	1
762	27	27	54	36	28	88	280	1
763	52	29	31	49	29	89	197	1
764	45	45	40	22	23	83	93	1
765	52	12	34	27	23	83	135	1
766	20	48	10	41	12	72	367	1
767	33	13	27	26	14	74	354	1
768	43	20	47	38	18	78	46	1
769	31	52	35	44	8	68	41	1
770	17	3	52	49	57	117	337	1
771	58	60	3	56	55	115	57	1
772	5	24	49	40	46	106	442	1
773	23	19	52	55	46	106	346	1
774	55	58	46	6	52	112	245	1
775	17	41	40	17	33	93	91	1
776	42	53	36	24	29	89	358	1
777	51	12	56	28	16	76	278	1
778	5	13	24	3	21	81	143	1
779	0	40	22	50	24	84	171	1
780	22	29	4	39	20	80	372	1
781	38	57	0	14	57	117	177	1
782	2	56	52	5	71	131	42	1
783	9	42	12	8	34	94	213	1
784	49	20	47	47	27	87	54	1
785	19	56	10	59	9	69	142	1
786	19	24	39	31	21	81	374	1
787	32	17	39	22	8	68	412	1
788	51	31	46	20	12	72	17	1
789	52	17	50	47	30	90	72	1
790	31	21	60	50	41	101	127	1
791	35	3	47	12	15	75	139	1
792	54	58	42	45	17	77	24	1
793	12	20	14	17	3	63	363	1
794	4	24	55	27	51	111	414	1
795	2	17	50	36	51	111	467	1
796	45	41	23	58	27	87	266	1
797	5	15	19	28	19	79	206	1
798	52	19	14	13	38	98	33	1
799	29	57	45	40	23	83	203	1
800	9	14	4	10	6	66	30	1
801	1	14	36	10	35	95	283	1
802	33	5	16	54	51	111	187	1
803	41	15	58	13	17	77	267	1
804	7	47	3	54	8	68	225	1
805	16	7	51	46	52	112	466	1
806	0	59	25	0	64	124	462	1
807	40	18	25	17	15	75	155	1
808	55	19	45	30	14	74	395	1
809	18	50	52	57	34	94	41	1
810	51	13	1	0	51	111	9	1
811	44	57	13	13	53	113	224	1
812	43	6	38	50	44	104	70	1
813	15	32	58	32	43	103	411	1
814	7	36	25	9	32	92	66	1
815	27	34	12	28	16	76	175	1
816	5	22	12	48	26	86	259	1
817	52	41	53	37	4	64	464	1
818	60	33	56	15	18	78	194	1
819	23	30	11	15	19	79	168	1
820	23	9	32	24	17	77	97	1
821	7	56	57	6	70	130	277	1
822	17	31	55	30	38	98	39	1
823	58	42	13	35	45	105	10	1
824	5	49	20	43	16	76	195	1
825	37	48	35	12	36	96	422	1
826	9	8	38	21	31	91	64	1
827	11	40	48	47	37	97	350	1
828	58	33	42	25	17	77	370	1
829	40	41	40	1	40	100	70	1
830	37	47	21	58	19	79	263	1
831	32	38	36	56	18	78	155	1
832	41	16	57	45	33	93	418	1
833	32	34	8	27	25	85	416	1
834	28	7	4	25	30	90	300	1
835	57	28	31	11	31	91	175	1
836	5	45	25	3	46	106	101	1
837	29	18	19	6	15	75	183	1
838	13	44	3	58	17	77	150	1
839	10	53	27	24	33	93	246	1
840	12	41	60	38	48	108	105	1
841	31	45	36	12	33	93	171	1
842	53	10	27	33	34	94	55	1
843	1	45	28	29	31	91	241	1
844	19	4	42	52	53	113	450	1
845	54	53	24	20	44	104	81	1
846	12	42	0	45	12	72	168	1
847	33	57	58	9	54	114	382	1
848	38	55	50	32	25	85	457	1
849	11	46	6	31	15	75	128	1
850	56	51	3	12	65	125	294	1
851	40	5	44	0	6	66	276	1
852	9	7	16	46	39	99	8	1
853	33	20	36	40	20	80	342	1
854	1	57	28	56	27	87	387	1
855	43	37	56	51	19	79	314	1
856	36	10	52	5	16	76	130	1
857	35	43	22	17	29	89	404	1
858	18	52	14	12	40	100	149	1
859	29	46	31	45	2	62	253	1
860	30	55	29	32	23	83	473	1
861	3	23	45	23	42	102	365	1
862	53	25	30	50	33	93	389	1
863	23	47	52	43	29	89	401	1
864	55	46	38	59	21	81	154	1
865	21	33	41	32	20	80	95	1
866	3	48	19	35	20	80	112	1
867	16	28	44	6	35	95	65	1
868	42	11	21	26	25	85	439	1
869	29	48	28	5	43	103	250	1
870	31	6	10	26	29	89	432	1
871	18	8	43	19	27	87	459	1
872	55	22	6	36	50	110	447	1
873	16	43	27	54	15	75	384	1
874	18	29	3	14	21	81	464	1
875	0	0	49	12	50	110	201	1
876	52	20	9	11	43	103	445	1
877	43	41	3	37	40	100	192	1
878	17	34	53	45	37	97	162	1
879	4	25	54	39	51	111	441	1
880	13	33	34	4	35	95	272	1
881	47	38	43	34	5	65	299	1
882	24	5	43	15	21	81	12	1
883	44	4	50	60	56	116	303	1
884	41	15	36	30	15	75	167	1
885	57	17	58	44	27	87	377	1
886	9	10	56	35	53	113	170	1
887	50	15	41	21	10	70	286	1
888	47	4	57	11	12	72	350	1
889	21	2	13	46	44	104	448	1
890	28	45	20	58	15	75	98	1
891	50	1	57	31	30	90	178	1
892	39	58	49	31	28	88	309	1
893	20	51	47	33	32	92	345	1
894	43	34	27	56	27	87	293	1
895	50	59	15	55	35	95	112	1
896	6	15	22	3	20	80	368	1
897	49	11	31	51	43	103	17	1
898	46	7	3	47	58	118	410	1
899	22	56	24	40	16	76	96	1
900	1	60	46	53	45	105	104	1
901	2	31	29	28	27	87	152	1
902	8	6	38	59	60	120	177	1
903	37	58	27	20	39	99	279	1
904	48	28	49	50	22	82	180	1
905	10	29	60	6	55	115	257	1
906	17	32	42	32	25	85	399	1
907	52	15	47	11	6	66	286	1
908	1	7	10	59	52	112	347	1
909	21	21	43	51	37	97	348	1
910	23	46	54	21	39	99	312	1
911	44	22	17	54	41	101	375	1
912	28	50	7	18	38	98	317	1
913	16	60	54	40	42	102	303	1
914	20	12	49	56	52	112	425	1
915	54	30	8	56	52	112	265	1
916	57	23	31	45	34	94	189	1
917	34	25	22	35	15	75	276	1
918	49	55	11	41	40	100	454	1
919	52	56	39	21	37	97	12	1
920	23	23	24	51	28	88	440	1
921	32	34	19	48	19	79	161	1
922	13	60	30	16	47	107	470	1
923	34	11	12	25	26	86	440	1
924	52	26	38	31	14	74	170	1
925	58	49	22	37	37	97	195	1
926	28	11	51	59	53	113	233	1
927	20	46	48	51	28	88	175	1
928	56	50	24	17	45	105	71	1
929	38	38	43	19	19	79	214	1
930	38	14	32	16	6	66	417	1
931	45	47	25	10	42	102	136	1
932	44	49	24	46	20	80	74	1
933	36	55	7	40	32	92	292	1
934	20	56	12	25	32	92	10	1
935	2	49	26	38	26	86	58	1
936	13	32	55	9	47	107	26	1
937	11	28	19	21	10	70	154	1
938	22	38	57	24	37	97	125	1
939	40	10	28	2	14	74	71	1
940	14	14	19	33	19	79	331	1
941	20	41	34	54	19	79	184	1
942	31	44	28	21	23	83	345	1
943	13	50	39	17	42	102	201	1
944	34	41	17	30	20	80	456	1
945	50	46	47	41	5	65	467	1
946	59	32	60	54	22	82	432	1
947	21	7	45	10	24	84	428	1
948	33	18	45	31	17	77	67	1
949	38	13	25	21	15	75	282	1
950	34	6	40	19	14	74	244	1
951	40	21	45	34	13	73	202	1
952	58	29	24	37	34	94	324	1
953	16	4	57	57	67	127	245	1
954	53	54	37	28	30	90	240	1
955	41	11	20	15	21	81	472	1
956	13	31	42	8	37	97	392	1
957	52	14	17	2	37	97	247	1
958	8	16	46	52	52	112	321	1
959	32	10	13	0	21	81	35	1
960	52	18	15	3	39	99	131	1
961	27	4	32	20	16	76	353	1
962	11	58	34	20	44	104	65	1
963	26	8	58	8	32	92	149	1
964	38	51	22	9	44	104	277	1
965	52	37	22	57	36	96	218	1
966	34	37	6	35	28	88	58	1
967	52	3	44	31	29	89	377	1
968	12	11	13	54	43	103	382	1
969	12	52	45	20	45	105	441	1
970	45	60	22	41	29	89	387	1
971	39	47	1	60	40	100	147	1
972	57	0	23	51	61	121	12	1
973	26	44	7	14	35	95	205	1
974	45	1	1	59	72	132	448	1
975	20	54	59	25	48	108	415	1
976	25	24	34	4	21	81	404	1
977	6	6	0	48	42	102	315	1
978	0	24	22	40	27	87	160	1
979	52	38	59	59	22	82	428	1
980	46	46	0	58	47	107	453	1
981	25	54	59	9	56	116	196	1
982	2	2	33	22	36	96	441	1
983	48	32	45	23	9	69	217	1
984	38	23	14	30	25	85	175	1
985	46	15	47	44	29	89	267	1
986	18	33	45	0	42	102	445	1
987	4	9	11	20	13	73	331	1
988	3	45	6	41	5	65	239	1
989	58	53	18	55	40	100	428	1
990	19	37	48	60	37	97	347	1
991	17	49	37	14	40	100	130	1
992	7	37	44	4	49	109	267	1
993	39	56	0	29	47	107	366	1
994	51	41	26	27	28	88	156	1
995	29	13	18	48	36	96	449	1
996	17	36	3	9	30	90	79	1
997	30	33	38	60	28	88	209	1
998	33	60	0	17	54	114	110	1
999	6	4	17	27	25	85	182	1
1000	5	17	2	30	13	73	409	1