0	5	5	0	0	0	0	0	0
1	8	9	8	10	1	61	16	1
2	9	5	9	4	1	61	205	1
3	10	7	4	1	8	68	17	1
4	1	7	10	4	9	69	22	1
5	9	1	1	10	12	72	1	1
6	3	4	8	1	5	65	171	1
7	3	6	6	2	5	65	6	1
8	3	10	1	8	2	62	218	1
9	10	9	3	7	7	67	112	1
10	6	3	5	8	5	65	204	1
11	7	5	2	9	6	66	70	1
12	1	1	10	1	9	69	116	1
13	7	10	9	2	8	68	133	1
14	3	7	8	8	5	65	93	1
15	6	1	9	6	5	65	8	1
16	10	7	9	3	4	64	177	1
17	10	5	7	5	3	63	114	1
18	2	1	1	7	6	66	223	1
19	2	3	3	4	1	61	180	1
20	6	1	2	9	8	68	9	1
21	3	6	2	2	4	64	102	1
22	6	4	5	7	3	63	211	1
23	7	1	6	2	1	61	155	1
24	4	5	9	3	5	65	207	1
25	6	2	8	2	2	62	37	1
26	3	2	5	3	2	62	153	1
27	8	2	1	4	7	67	80	1
28	7	9	10	6	4	64	143	1
29	3	4	5	5	2	62	56	1
30	7	8	10	10	3	63	112	1
31	7	6	7	7	1	61	169	1
32	10	6	4	3	6	66	239	1
33	7	9	1	6	6	66	149	1
34	2	6	5	6	3	63	61	1
35	3	10	8	7	5	65	225	1
36	1	4	8	9	8	68	166	1
37	10	4	3	10	9	69	159	1
38	8	7	1	9	7	67	42	1
39	6	6	10	4	4	64	187	1
40	4	9	10	2	9	69	18	1
41	8	7	8	7	0	60	217	1
42	2	5	3	3	2	62	15	1
43	5	7	3	2	5	65	226	1
44	6	6	9	2	5	65	122	1
45	8	2	1	4	7	67	231	1
46	6	5	7	8	3	63	122	1
47	5	2	7	8	6	66	79	1
48	8	2	8	10	8	68	110	1
49	10	10	1	4	10	70	23	1
50	7	8	7	4	4	64	118	1
51	4	8	2	5	3	63	223	1
52	7	5	3	9	5	65	124	1
53	3	8	2	9	1	61	55	1
54	5	7	7	7	2	62	117	1
55	6	9	1	4	7	67	231	1
56	5	4	10	2	5	65	2	1
57	1	9	2	9	1	61	80	1
58	10	8	7	6	3	63	193	1
59	7	9	5	1	8	68	238	1
60	4	2	6	7	5	65	148	1
61	4	3	1	4	3	63	136	1
62	8	1	2	4	6	66	34	1
63	5	8	2	2	6	66	216	1
64	7	1	5	1	2	62	104	1
65	10	9	3	5	8	68	79	1
66	1	1	7	9	10	70	184	1
67	9	6	6	8	3	63	153	1
68	6	4	6	3	1	61	12	1
69	8	6	6	10	4	64	235	1
70	10	8	2	9	8	68	176	1
71	9	3	3	1	6	66	82	1
72	4	1	10	2	6	66	146	1
73	6	5	1	4	5	65	151	1
74	9	7	4	5	5	65	98	1
75	4	9	4	8	1	61	161	1
76	10	7	3	5	7	67	23	1
77	8	6	5	9	4	64	165	1
78	10	10	7	6	5	65	231	1
79	1	7	5	1	7	67	179	1
80	3	3	5	3	2	62	110	1
81	4	4	8	1	5	65	130	1
82	8	10	1	5	8	68	39	1
83	2	5	8	5	6	66	105	1
84	8	6	2	6	6	66	40	1
85	2	1	6	6	6	66	126	1
86	6	9	7	5	4	64	160	1
87	8	2	6	1	2	62	154	1
88	5	10	6	5	5	65	139	1
89	6	9	8	2	7	67	11	1
90	4	5	1	1	5	65	115	1
91	8	1	6	3	2	62	68	1
92	10	5	4	7	6	66	170	1
93	7	4	10	1	4	64	118	1
94	3	7	10	9	7	67	65	1
95	9	6	3	5	6	66	68	1
96	3	10	8	5	7	67	230	1
97	6	10	6	5	5	65	11	1
98	3	7	2	1	6	66	144	1
99	8	8	4	6	4	64	56	1
100	7	3	1	8	7	67	123	1
101	3	2	5	3	2	62	29	1
102	3	6	1	1	5	65	151	1
103	7	4	3	10	7	67	11	1
104	6	4	10	8	5	65	28	1
105	5	9	9	8	4	64	55	1
106	9	8	10	8	1	61	232	1
107	3	10	10	8	7	67	8	1
108	6	1	3	2	3	63	62	1
109	1	6	8	2	8	68	229	1
110	8	3	2	3	6	66	62	1
111	6	7	10	4	5	65	94	1
112	10	1	1	3	9	69	117	1
113	5	7	4	2	5	65	131	1
114	10	4	9	6	2	62	184	1
115	10	1	6	9	8	68	15	1
116	8	2	4	2	4	64	157	1
117	10	2	1	2	9	69	205	1
118	3	5	1	4	2	62	60	1
119	1	10	10	6	9	69	65	1
120	5	2	9	9	8	68	21	1
121	4	7	8	10	5	65	133	1
122	9	2	2	1	7	67	217	1
123	5	7	4	7	1	61	130	1
124	10	8	1	2	10	70	118	1
125	7	2	3	10	8	68	196	1
126	1	4	3	3	2	62	138	1
127	8	7	2	9	6	66	121	1
128	1	9	6	1	9	69	11	1
129	4	6	9	9	5	65	229	1
130	9	4	10	10	6	66	231	1
131	10	1	8	7	6	66	11	1
132	10	10	9	7	3	63	199	1
133	3	10	7	1	9	69	201	1
134	4	3	1	6	4	64	189	1
135	2	4	7	8	6	66	101	1
136	4	4	8	1	5	65	31	1
137	2	2	8	2	6	66	167	1
138	5	10	1	1	9	69	190	1
139	8	7	7	1	6	66	78	1
140	6	3	10	7	5	65	132	1
141	3	9	10	10	7	67	180	1
142	2	4	1	3	1	61	90	1
143	7	9	5	5	4	64	31	1
144	8	9	10	10	2	62	169	1
145	7	8	2	8	5	65	33	1
146	9	2	1	3	8	68	3	1
147	2	4	8	5	6	66	29	1
148	7	5	1	3	6	66	67	1
149	3	8	7	1	8	68	121	1
150	1	7	9	5	8	68	188	1
151	2	10	10	6	8	68	31	1
152	3	3	2	5	2	62	169	1
153	9	7	1	10	8	68	211	1
154	5	2	9	3	4	64	49	1
155	8	3	10	5	2	62	201	1
156	5	10	6	7	3	63	146	1
157	6	4	8	4	2	62	123	1
158	5	3	9	9	7	67	29	1
159	2	3	7	2	5	65	164	1
160	4	6	2	9	3	63	155	1
161	8	5	8	10	5	65	174	1
162	3	1	2	8	7	67	199	1
163	3	2	9	5	6	66	199	1
164	8	2	2	7	7	67	122	1
165	4	9	2	4	5	65	200	1
166	1	8	6	9	5	65	15	1
167	4	2	3	5	3	63	5	1
168	9	7	9	2	5	65	4	1
169	5	5	4	10	5	65	38	1
170	7	7	2	7	5	65	119	1
171	7	3	9	6	3	63	36	1
172	2	1	6	2	4	64	109	1
173	4	3	2	7	4	64	78	1
174	1	6	2	9	3	63	146	1
175	2	7	5	4	4	64	224	1
176	9	3	2	1	7	67	64	1
177	9	9	2	5	8	68	153	1
178	5	8	3	10	2	62	86	1
179	9	1	3	6	7	67	141	1
180	4	5	5	6	1	61	210	1
181	9	3	5	3	4	64	132	1
182	2	7	9	10	7	67	216	1
183	9	2	8	7	5	65	41	1
184	4	10	8	4	7	67	36	1
185	2	4	6	6	4	64	7	1
186	3	10	5	10	2	62	72	1
187	2	6	10	2	8	68	48	1
188	8	4	7	1	3	63	109	1
189	7	7	9	1	6	66	150	1
190	1	10	4	5	5	65	194	1
191	4	4	1	7	4	64	54	1
192	3	8	1	6	2	62	52	1
193	4	4	10	6	6	66	234	1
194	9	3	1	1	8	68	102	1
195	5	5	3	1	4	64	45	1
196	8	1	2	3	6	66	172	1
197	10	7	5	6	5	65	81	1
198	10	8	10	10	2	62	206	1
199	3	5	6	8	4	64	36	1
200	10	6	9	5	1	61	45	1
201	8	2	8	1	1	61	157	1
202	10	9	4	6	6	66	237	1
203	5	3	5	1	2	62	223	1
204	4	9	2	5	4	64	7	1
205	8	1	9	6	5	65	81	1
206	4	4	7	9	5	65	151	1
207	4	2	1	10	8	68	215	1
208	9	6	5	10	5	65	131	1
209	6	4	2	5	4	64	230	1
210	3	1	2	5	4	64	146	1
211	8	8	8	7	1	61	149	1
212	3	5	9	5	6	66	231	1
213	9	2	1	2	8	68	88	1
214	4	10	1	5	5	65	18	1
215	6	7	3	9	3	63	121	1
216	3	1	3	4	3	63	99	1
217	2	4	3	7	3	63	47	1
218	7	8	4	1	7	67	186	1
219	2	8	5	6	3	63	118	1
220	3	3	3	4	1	61	214	1
221	1	9	10	1	12	72	65	1
222	10	4	10	5	1	61	98	1
223	8	1	7	1	1	61	84	1
224	8	1	10	5	4	64	40	1
225	6	3	7	7	4	64	36	1
226	5	2	1	3	4	64	213	1
227	9	6	3	3	6	66	236	1
228	6	1	6	6	5	65	50	1
229	5	6	7	10	4	64	186	1
230	10	7	1	2	10	70	48	1
231	9	4	4	1	5	65	9	1
232	8	4	7	7	3	63	191	1
233	9	10	1	10	8	68	82	1
234	10	6	3	5	7	67	6	1
235	1	3	4	5	3	63	95	1
236	9	10	4	9	5	65	77	1
237	6	7	1	7	5	65	103	1
238	7	7	5	5	2	62	105	1
239	7	9	1	4	7	67	69	1
240	3	5	1	2	3	63	177	1
241	9	3	9	9	6	66	220	1
242	9	5	5	10	6	66	54	1
243	5	1	4	8	7	67	220	1
244	9	7	9	5	2	62	91	1
245	2	8	4	5	3	63	146	1
246	4	7	7	10	4	64	133	1
247	8	8	5	10	3	63	112	1
248	9	7	6	10	4	64	140	1
249	7	4	7	4	0	60	153	1
250	5	3	4	2	1	61	238	1
251	6	1	9	6	5	65	169	1
252	3	9	3	3	6	66	5	1
253	10	8	1	1	11	71	179	1
254	7	5	1	3	6	66	0	1
255	5	2	4	9	7	67	55	1
256	4	4	3	5	1	61	177	1
257	2	6	7	10	6	66	63	1
258	4	5	7	8	4	64	56	1
259	9	6	6	7	3	63	181	1
260	10	7	4	6	6	66	61	1
261	9	2	10	6	4	64	33	1
262	7	4	5	5	2	62	166	1
263	9	2	10	7	5	65	126	1
264	9	5	5	9	5	65	134	1
265	3	1	1	10	9	69	85	1
266	1	5	5	3	4	64	189	1
267	9	9	4	6	5	65	186	1
268	3	6	9	3	6	66	20	1
269	2	5	7	5	5	65	48	1
270	6	6	8	10	4	64	48	1
271	8	6	1	8	7	67	10	1
272	2	4	3	4	1	61	114	1
273	9	10	4	9	5	65	48	1
274	2	9	9	4	8	68	70	1
275	6	9	8	3	6	66	215	1
276	3	3	5	3	2	62	35	1
277	6	4	3	1	4	64	203	1
278	5	4	10	2	5	65	235	1
279	4	2	2	2	2	62	116	1
280	6	7	5	8	1	61	44	1
281	6	4	6	7	3	63	234	1
282	10	7	10	1	6	66	8	1
283	10	4	9	8	4	64	68	1
284	4	8	1	10	3	63	51	1
285	9	3	7	2	2	62	108	1
286	7	2	6	10	8	68	113	1
287	7	5	6	2	3	63	104	1
288	2	10	10	8	8	68	190	1
289	9	5	9	3	2	62	136	1
290	4	10	1	10	3	63	89	1
291	7	6	9	9	3	63	182	1
292	3	7	4	3	4	64	107	1
293	8	5	3	2	5	65	215	1
294	4	8	4	8	0	60	237	1
295	1	6	7	9	6	66	13	1
296	9	9	8	4	5	65	224	1
297	9	4	8	3	1	61	189	1
298	1	1	3	10	9	69	211	1
299	9	7	10	10	3	63	203	1
300	9	1	9	5	4	64	145	1
301	10	6	10	5	1	61	206	1
302	9	6	4	9	5	65	50	1
303	2	10	10	3	10	70	29	1
304	10	7	10	9	2	62	191	1
305	6	9	3	1	8	68	214	1
306	6	8	9	2	6	66	183	1
307	5	5	9	6	4	64	32	1
308	9	5	10	5	1	61	23	1
309	8	4	2	2	6	66	57	1
310	5	2	7	1	2	62	94	1
311	9	6	7	10	4	64	1	1
312	2	5	8	5	6	66	33	1
313	1	10	4	2	8	68	127	1
314	3	10	7	4	7	67	21	1
315	6	6	7	5	1	61	72	1
316	1	4	8	5	7	67	227	1
317	7	7	6	4	3	63	162	1
318	4	1	6	5	4	64	99	1
319	10	4	2	10	10	70	3	1
320	6	1	2	3	4	64	139	1
321	2	9	9	2	9	69	84	1
322	2	4	1	3	1	61	36	1
323	1	1	10	2	9	69	231	1
324	8	6	8	2	4	64	71	1
325	6	9	10	1	8	68	53	1
326	8	7	1	10	7	67	125	1
327	1	3	1	8	5	65	62	1
328	8	1	2	9	10	70	97	1
329	8	3	7	9	6	66	139	1
330	3	1	1	8	7	67	66	1
331	7	8	2	5	5	65	136	1
332	8	8	6	8	2	62	184	1
333	4	3	1	9	6	66	87	1
334	4	6	10	6	6	66	65	1
335	9	5	5	8	5	65	45	1
336	9	4	10	4	1	61	31	1
337	1	7	7	6	6	66	66	1
338	9	6	2	5	7	67	182	1
339	9	7	9	1	6	66	71	1
340	8	4	6	7	3	63	133	1
341	3	7	6	3	5	65	165	1
342	7	8	4	1	7	67	69	1
343	10	1	4	9	10	70	72	1
344	6	7	2	2	6	66	196	1
345	10	3	4	2	6	66	126	1
346	1	10	4	10	3	63	69	1
347	6	10	6	10	0	60	204	1
348	6	1	9	2	3	63	130	1
349	9	8	8	8	1	61	109	1
350	4	8	6	7	2	62	117	1
351	5	2	9	7	6	66	29	1
352	4	2	1	6	5	65	193	1
353	9	3	6	1	3	63	148	1
354	6	8	4	1	7	67	14	1
355	7	5	5	10	5	65	99	1
356	1	7	3	7	2	62	152	1
357	5	9	8	5	5	65	26	1
358	1	2	7	9	9	69	103	1
359	7	9	9	6	3	63	87	1
360	8	2	10	3	2	62	214	1
361	7	3	3	7	5	65	36	1
362	4	7	2	10	3	63	79	1
363	8	9	3	8	5	65	152	1
364	2	6	1	2	4	64	233	1
365	5	4	9	7	5	65	89	1
366	3	1	8	1	5	65	29	1
367	1	6	1	8	2	62	17	1
368	8	7	3	1	7	67	136	1
369	3	1	9	6	7	67	81	1
370	4	10	5	8	2	62	199	1
371	9	6	9	3	3	63	146	1
372	2	2	5	6	5	65	231	1
373	3	4	1	10	6	66	78	1
374	7	2	7	6	4	64	3	1
375	2	3	4	4	2	62	166	1
376	8	1	2	6	7	67	211	1
377	3	6	1	6	2	62	145	1
378	6	1	3	2	3	63	149	1
379	8	4	10	7	3	63	51	1
380	6	8	3	9	3	63	83	1
381	8	7	7	10	3	63	33	1
382	1	7	10	9	9	69	35	1
383	5	9	2	1	8	68	44	1
384	3	10	9	5	7	67	71	1
385	4	10	1	5	5	65	48	1
386	7	10	6	1	9	69	121	1
387	2	1	6	3	4	64	92	1
388	2	2	1	10	8	68	226	1
389	3	2	4	4	2	62	233	1
390	3	5	9	8	6	66	224	1
391	5	6	9	1	6	66	30	1
392	7	5	4	3	3	63	2	1
393	1	1	1	5	4	64	230	1
394	2	4	5	6	3	63	189	1
395	5	7	7	2	5	65	51	1
396	6	5	8	3	2	62	148	1
397	7	5	6	3	2	62	12	1
398	6	7	6	10	3	63	181	1
399	7	9	8	3	6	66	228	1
400	9	3	7	1	2	62	21	1
401	8	2	7	6	4	64	46	1
402	4	7	2	8	2	62	73	1
403	7	8	4	10	3	63	199	1
404	2	4	7	10	7	67	237	1
405	6	2	7	7	5	65	3	1
406	8	1	6	10	9	69	113	1
407	1	6	6	3	5	65	154	1
408	4	10	4	1	9	69	197	1
409	2	4	10	5	8	68	101	1
410	1	8	4	1	7	67	118	1
411	2	3	4	8	5	65	36	1
412	4	6	3	5	1	61	1	1
413	2	4	5	4	3	63	53	1
414	1	10	8	10	7	67	3	1
415	7	2	2	7	7	67	197	1
416	1	8	2	8	1	61	164	1
417	6	1	4	3	2	62	68	1
418	6	1	5	7	6	66	194	1
419	5	1	5	1	0	60	196	1
420	3	1	10	5	8	68	49	1
421	6	6	1	6	5	65	51	1
422	1	4	5	10	7	67	211	1
423	10	4	1	7	9	69	143	1
424	8	5	8	10	5	65	229	1
425	7	8	6	2	6	66	195	1
426	6	1	9	1	3	63	231	1
427	9	5	1	9	8	68	204	1
428	10	1	9	10	9	69	131	1
429	6	6	3	1	5	65	174	1
430	3	4	10	8	8	68	172	1
431	6	6	10	6	4	64	44	1
432	9	7	5	8	4	64	183	1
433	7	10	7	8	2	62	51	1
434	2	1	5	9	8	68	179	1
435	6	1	9	8	7	67	42	1
436	7	9	2	4	7	67	177	1
437	6	7	9	8	3	63	0	1
438	1	3	8	6	7	67	132	1
439	4	2	5	3	1	61	147	1
440	5	7	10	10	5	65	178	1
441	2	7	7	8	5	65	132	1
442	9	10	10	2	8	68	141	1
443	5	1	10	7	7	67	99	1
444	9	1	5	10	9	69	70	1
445	8	8	9	4	4	64	43	1
446	8	2	7	9	7	67	119	1
447	7	4	1	7	6	66	134	1
448	1	5	5	5	4	64	18	1
449	8	6	9	2	4	64	183	1
450	9	3	4	6	5	65	148	1
451	5	4	7	8	4	64	110	1
452	8	1	10	5	4	64	155	1
453	3	4	8	7	5	65	58	1
454	7	4	7	10	6	66	8	1
455	10	7	6	2	6	66	101	1
456	7	5	9	6	2	62	168	1
457	7	9	2	7	5	65	142	1
458	9	7	9	2	5	65	26	1
459	8	3	9	9	6	66	39	1
460	5	3	3	2	2	62	167	1
461	2	4	8	2	6	66	80	1
462	7	9	3	5	5	65	13	1
463	2	9	4	1	8	68	229	1
464	10	3	7	4	3	63	61	1
465	9	7	7	5	2	62	131	1
466	2	1	3	4	3	63	15	1
467	9	3	6	6	4	64	234	1
468	7	4	5	4	2	62	120	1
469	3	1	4	3	2	62	126	1
470	2	3	1	2	1	61	64	1
471	7	1	8	3	2	62	173	1
472	1	4	9	10	10	70	114	1
473	6	1	10	3	4	64	70	1
474	6	4	2	8	5	65	30	1
475	6	3	1	9	7	67	207	1
476	4	9	5	5	4	64	200	1
477	5	3	6	2	1	61	32	1
478	9	3	3	3	6	66	77	1
479	9	6	8	1	5	65	188	1
480	7	5	9	9	4	64	40	1
481	10	7	3	6	7	67	44	1
482	9	6	1	8	8	68	179	1
483	8	3	1	4	7	67	90	1
484	2	1	2	10	9	69	128	1
485	8	8	8	9	1	61	138	1
486	2	1	4	3	2	62	175	1
487	2	9	8	8	6	66	138	1
488	10	4	6	9	6	66	231	1
489	9	4	9	8	4	64	61	1
490	5	6	4	6	1	61	180	1
491	4	7	1	3	5	65	95	1
492	1	7	10	9	9	69	201	1
493	7	3	3	1	4	64	49	1
494	9	7	4	4	5	65	127	1
495	1	8	3	10	2	62	220	1
496	1	9	10	4	10	70	91	1
497	4	4	4	1	3	63	235	1
498	8	1	10	4	3	63	41	1
499	5	6	6	6	1	61	167	1
500	6	8	10	2	7	67	193	1
501	10	10	9	1	9	69	183	1
502	8	1	10	8	7	67	62	1
503	1	4	1	6	2	62	146	1
504	10	4	10	3	1	61	76	1
505	1	2	6	8	7	67	138	1
506	10	3	6	8	6	66	209	1
507	9	7	3	1	8	68	37	1
508	8	3	9	6	3	63	30	1
509	7	5	9	1	4	64	193	1
510	10	8	3	4	8	68	217	1
511	2	4	2	8	4	64	70	1
512	6	10	4	6	4	64	106	1
513	7	4	7	1	3	63	84	1
514	4	7	2	9	2	62	220	1
515	3	2	3	8	6	66	39	1
516	5	8	9	4	5	65	29	1
517	4	10	5	1	9	69	13	1
518	3	6	8	3	5	65	190	1
519	1	5	6	4	5	65	150	1
520	5	1	5	4	3	63	223	1
521	8	9	4	3	7	67	9	1
522	7	2	10	6	5	65	18	1
523	8	2	2	8	8	68	125	1
524	8	1	7	10	9	69	234	1
525	2	3	4	10	7	67	104	1
526	2	1	1	5	4	64	84	1
527	3	10	5	6	4	64	142	1
528	3	10	9	8	6	66	168	1
529	9	6	5	10	5	65	113	1
530	7	10	10	6	5	65	102	1
531	2	3	4	10	7	67	96	1
532	10	1	6	7	7	67	50	1
533	10	7	5	6	5	65	210	1
534	1	10	8	10	7	67	174	1
535	3	7	5	1	6	66	45	1
536	8	3	7	8	5	65	143	1
537	3	9	9	1	10	70	78	1
538	2	2	2	3	1	61	194	1
539	6	2	6	1	1	61	181	1
540	7	6	7	5	1	61	67	1
541	7	2	5	3	2	62	153	1
542	2	2	4	3	2	62	107	1
543	7	6	1	8	6	66	81	1
544	3	9	3	1	8	68	58	1
545	1	7	10	4	9	69	179	1
546	7	6	5	10	4	64	155	1
547	8	10	2	1	10	70	102	1
548	10	1	8	6	5	65	24	1
549	9	9	3	8	6	66	11	1
550	4	7	6	7	2	62	119	1
551	8	1	10	2	2	62	56	1
552	2	4	4	6	2	62	47	1
553	4	1	3	4	3	63	53	1
554	10	8	4	7	6	66	94	1
555	3	9	6	8	3	63	104	1
556	6	2	8	3	2	62	52	1
557	7	3	5	9	6	66	33	1
558	4	7	4	7	0	60	4	1
559	4	5	8	9	5	65	127	1
560	5	7	6	3	4	64	11	1
561	2	10	4	8	2	62	177	1
562	6	6	8	2	4	64	33	1
563	3	2	1	3	2	62	126	1
564	7	6	6	2	4	64	58	1
565	9	9	10	4	5	65	218	1
566	7	5	8	6	1	61	116	1
567	2	2	1	1	1	61	151	1
568	1	3	4	4	3	63	185	1
569	8	1	4	2	4	64	193	1
570	3	6	5	7	2	62	61	1
571	7	1	10	1	3	63	213	1
572	6	4	7	7	3	63	125	1
573	3	9	3	10	1	61	181	1
574	4	10	9	2	9	69	76	1
575	2	9	7	2	8	68	50	1
576	9	9	1	9	8	68	157	1
577	6	2	5	5	3	63	124	1
578	1	6	9	10	8	68	141	1
579	9	7	3	6	6	66	112	1
580	4	2	9	1	5	65	190	1
581	6	10	4	7	3	63	127	1
582	10	9	2	3	10	70	178	1
583	2	5	5	3	3	63	2	1
584	4	4	8	10	7	67	139	1
585	5	2	1	9	8	68	64	1
586	4	8	4	7	1	61	236	1
587	3	4	3	5	1	61	205	1
588	10	3	7	1	3	63	170	1
589	9	9	5	8	4	64	6	1
590	9	1	8	6	5	65	26	1
591	7	6	4	10	5	65	76	1
592	10	1	10	9	8	68	184	1
593	1	7	8	2	8	68	187	1
594	2	1	2	8	7	67	226	1
595	7	8	3	1	8	68	101	1
596	1	10	5	4	7	67	115	1
597	3	3	5	3	2	62	87	1
598	1	4	1	8	4	64	129	1
599	9	9	3	2	9	69	212	1
600	2	2	4	10	8	68	144	1
601	6	10	2	2	8	68	139	1
602	8	7	8	10	3	63	76	1
603	7	8	10	3	5	65	36	1
604	1	4	4	6	3	63	97	1
605	6	1	4	1	2	62	47	1
606	4	8	4	10	2	62	153	1
607	3	10	5	6	4	64	16	1
608	2	9	1	4	5	65	3	1
609	6	4	4	10	6	66	101	1
610	2	4	2	10	6	66	156	1
611	5	1	2	1	3	63	152	1
612	9	4	6	5	3	63	15	1
613	8	3	9	1	2	62	161	1
614	4	2	10	5	6	66	240	1
615	8	7	7	5	2	62	50	1
616	4	9	4	3	6	66	49	1
617	2	5	1	10	5	65	213	1
618	2	2	3	6	4	64	147	1
619	3	7	4	6	1	61	138	1
620	4	6	5	5	1	61	65	1
621	4	2	7	1	3	63	200	1
622	6	4	1	10	7	67	174	1
623	3	8	7	2	7	67	168	1
624	4	1	1	5	5	65	22	1
625	10	10	5	6	6	66	186	1
626	9	10	10	2	8	68	234	1
627	6	1	4	10	9	69	176	1
628	6	9	4	7	2	62	158	1
629	10	4	3	2	7	67	31	1
630	9	8	9	6	2	62	18	1
631	1	2	4	8	6	66	77	1
632	8	7	5	9	3	63	8	1
633	4	7	9	1	7	67	224	1
634	6	8	4	7	2	62	57	1
635	7	1	7	8	7	67	43	1
636	7	4	8	6	2	62	237	1
637	5	7	5	6	1	61	190	1
638	3	3	7	2	4	64	170	1
639	1	1	8	1	7	67	63	1
640	8	2	9	4	2	62	114	1
641	10	3	2	9	10	70	115	1
642	7	2	9	4	2	62	195	1
643	7	8	1	3	7	67	214	1
644	8	10	2	8	6	66	107	1
645	5	3	6	6	3	63	146	1
646	5	6	9	2	5	65	17	1
647	5	5	10	6	5	65	85	1
648	10	3	2	1	8	68	35	1
649	1	7	6	4	5	65	202	1
650	10	1	9	2	1	61	100	1
651	10	9	10	2	7	67	228	1
652	6	6	8	4	2	62	54	1
653	2	9	1	1	8	68	212	1
654	9	3	8	7	4	64	236	1
655	8	8	6	1	7	67	119	1
656	10	6	1	8	9	69	219	1
657	7	9	2	9	5	65	62	1
658	8	4	2	9	7	67	62	1
659	5	3	9	1	4	64	222	1
660	1	2	3	3	2	62	174	1
661	7	8	4	9	3	63	155	1
662	9	9	1	6	8	68	124	1
663	5	6	4	1	5	65	179	1
664	7	7	4	6	3	63	118	1
665	7	8	8	1	7	67	148	1
666	2	4	3	9	5	65	80	1
667	10	9	6	2	8	68	118	1
668	10	8	3	5	7	67	195	1
669	4	4	3	5	1	61	203	1
670	2	1	4	7	6	66	80	1
671	5	3	4	7	4	64	61	1
672	5	1	4	3	2	62	32	1
673	3	8	5	3	5	65	218	1
674	4	10	8	2	8	68	132	1
675	6	5	2	1	5	65	191	1
676	9	8	6	5	4	64	197	1
677	7	9	7	4	5	65	53	1
678	7	3	4	3	3	63	45	1
679	2	7	7	2	7	67	203	1
680	8	1	3	3	5	65	144	1
681	10	10	1	2	12	72	124	1
682	7	8	4	1	7	67	39	1
683	2	7	4	10	3	63	210	1
684	7	8	10	2	6	66	65	1
685	4	6	1	10	5	65	238	1
686	1	4	5	10	7	67	2	1
687	5	6	7	7	2	62	130	1
688	3	3	7	3	4	64	177	1
689	2	3	6	3	4	64	174	1
690	3	1	2	6	5	65	91	1
691	1	1	6	6	7	67	58	1
692	9	2	6	3	3	63	25	1
693	8	4	6	2	2	62	44	1
694	4	9	2	7	2	62	14	1
695	9	6	10	7	1	61	110	1
696	5	9	9	8	4	64	86	1
697	9	5	9	10	5	65	232	1
698	6	8	9	7	3	63	98	1
699	4	5	7	10	5	65	132	1
700	7	4	8	10	6	66	175	1
701	10	3	7	1	3	63	213	1
702	7	3	4	3	3	63	118	1
703	9	4	1	7	8	68	218	1
704	8	6	4	9	5	65	101	1
705	5	2	4	8	6	66	183	1
706	2	2	8	4	6	66	141	1
707	6	8	10	9	4	64	42	1
708	7	9	9	6	3	63	96	1
709	7	3	7	2	1	61	2	1
710	2	2	9	3	7	67	149	1
711	1	6	7	9	6	66	125	1
712	6	10	3	6	5	65	236	1
713	3	4	1	1	3	63	61	1
714	3	8	7	7	4	64	28	1
715	8	9	7	5	4	64	176	1
716	1	3	6	4	5	65	198	1
717	6	9	5	9	1	61	216	1
718	3	3	9	2	6	66	128	1
719	8	1	1	5	8	68	110	1
720	4	7	10	1	8	68	52	1
721	8	10	7	6	4	64	190	1
722	4	4	3	6	2	62	221	1
723	9	5	2	5	7	67	236	1
724	1	6	2	7	1	61	160	1
725	10	2	1	9	11	71	42	1
726	5	1	3	10	9	69	81	1
727	9	10	5	6	5	65	43	1
728	9	1	5	4	5	65	64	1
729	3	10	10	9	7	67	116	1
730	6	4	4	10	6	66	110	1
731	10	6	9	3	3	63	116	1
732	1	4	7	9	7	67	231	1
733	4	7	1	10	4	64	145	1
734	9	4	5	2	4	64	100	1
735	10	10	6	8	4	64	142	1
736	4	6	4	5	1	61	146	1
737	8	3	5	4	3	63	128	1
738	3	9	8	10	5	65	138	1
739	7	2	10	6	5	65	36	1
740	9	8	10	6	2	62	209	1
741	5	7	9	8	4	64	198	1
742	4	7	2	9	2	62	49	1
743	5	9	6	6	3	63	32	1
744	2	10	5	5	5	65	131	1
745	1	10	1	5	5	65	2	1
746	4	10	5	5	5	65	83	1
747	5	1	2	8	7	67	193	1
748	1	1	7	9	10	70	11	1
749	9	8	9	3	5	65	19	1
750	7	4	2	5	5	65	188	1
751	7	2	4	8	6	66	238	1
752	3	9	8	5	6	66	172	1
753	4	5	8	2	5	65	81	1
754	9	4	3	2	6	66	90	1
755	9	8	8	1	7	67	87	1
756	3	8	8	1	8	68	186	1
757	2	10	10	6	8	68	208	1
758	10	8	8	2	6	66	211	1
759	10	4	7	2	3	63	87	1
760	5	8	5	6	2	62	75	1
761	4	5	5	3	2	62	210	1
762	8	5	6	4	2	62	234	1
763	1	10	8	5	8	68	196	1
764	8	1	6	10	9	69	150	1
765	1	6	6	1	7	67	105	1
766	7	8	6	7	1	61	85	1
767	4	8	6	1	7	67	219	1
768	9	6	6	2	5	65	123	1
769	1	6	2	8	2	62	225	1
770	6	1	6	3	2	62	14	1
771	3	3	7	3	4	64	20	1
772	9	7	7	9	2	62	42	1
773	6	9	6	7	2	62	129	1
774	9	5	4	6	5	65	23	1
775	4	10	8	8	4	64	197	1
776	6	5	10	6	4	64	162	1
777	9	10	2	7	7	67	27	1
778	5	2	6	5	3	63	226	1
779	8	9	5	10	3	63	38	1
780	3	6	2	10	4	64	15	1
781	7	6	2	5	5	65	91	1
782	7	3	5	7	4	64	140	1
783	5	1	4	5	4	64	152	1
784	9	3	1	9	10	70	21	1
785	4	1	7	6	5	65	195	1
786	8	10	4	10	4	64	7	1
787	1	1	8	1	7	67	108	1
788	1	6	1	8	2	62	91	1
789	3	4	7	7	5	65	87	1
790	10	4	6	1	5	65	152	1
791	5	7	4	8	1	61	108	1
792	10	7	4	9	6	66	109	1
793	4	1	9	6	7	67	110	1
794	5	9	7	8	2	62	172	1
795	3	3	9	7	7	67	76	1
796	5	8	3	1	7	67	185	1
797	2	6	9	7	7	67	5	1
798	9	7	7	9	2	62	126	1
799	10	2	7	1	3	63	200	1
800	4	2	3	5	3	63	69	1
801	1	6	1	6	0	60	135	1
802	4	6	1	8	3	63	212	1
803	7	5	4	3	3	63	107	1
804	5	1	2	3	3	63	237	1
805	10	7	2	8	8	68	142	1
806	8	6	4	7	4	64	137	1
807	4	6	1	6	3	63	69	1
808	9	7	6	10	4	64	152	1
809	1	7	6	8	5	65	182	1
810	10	8	7	6	3	63	125	1
811	1	6	8	2	8	68	170	1
812	5	3	6	10	7	67	0	1
813	6	7	5	7	1	61	157	1
814	2	3	2	1	2	62	169	1
815	7	6	3	7	4	64	81	1
816	6	1	6	10	9	69	79	1
817	2	8	10	2	10	70	162	1
818	9	10	7	3	7	67	192	1
819	9	3	8	1	2	62	113	1
820	8	10	2	3	9	69	11	1
821	9	4	4	3	5	65	118	1
822	10	9	2	5	8	68	175	1
823	9	4	10	4	1	61	109	1
824	1	4	9	6	8	68	1	1
825	5	10	1	9	4	64	182	1
826	7	4	9	9	5	65	235	1
827	3	2	7	5	5	65	91	1
828	6	1	9	7	6	66	199	1
829	4	10	10	4	8	68	212	1
830	4	10	8	3	8	68	3	1
831	9	8	7	10	2	62	67	1
832	3	3	10	10	9	69	72	1
833	2	7	2	4	3	63	34	1
834	3	8	4	7	1	61	201	1
835	10	2	3	5	7	67	211	1
836	6	1	6	10	9	69	76	1
837	9	4	2	9	8	68	56	1
838	6	8	9	7	3	63	33	1
839	7	3	4	8	5	65	93	1
840	1	7	2	7	1	61	224	1
841	6	1	6	2	1	61	9	1
842	5	9	2	4	5	65	23	1
843	8	3	7	2	1	61	56	1
844	6	7	9	4	4	64	166	1
845	5	7	10	7	5	65	13	1
846	10	6	2	5	8	68	67	1
847	1	3	9	2	8	68	88	1
848	1	5	4	10	5	65	67	1
849	10	6	10	6	0	60	203	1
850	2	1	7	7	7	67	213	1
851	4	8	3	4	4	64	188	1
852	1	6	1	7	1	61	178	1
853	5	8	3	3	5	65	120	1
854	4	1	5	4	3	63	13	1
855	5	7	6	3	4	64	137	1
856	6	8	6	7	1	61	223	1
857	10	9	9	6	3	63	77	1
858	5	4	1	8	5	65	134	1
859	1	3	10	7	9	69	56	1
860	6	8	2	2	7	67	228	1
861	10	2	4	7	7	67	198	1
862	6	6	2	9	5	65	118	1
863	4	4	4	5	1	61	51	1
864	6	9	1	7	5	65	162	1
865	4	3	2	8	5	65	72	1
866	3	6	2	6	1	61	38	1
867	5	9	4	6	3	63	195	1
868	5	4	10	5	5	65	98	1
869	7	5	4	6	3	63	209	1
870	4	9	7	9	3	63	189	1
871	4	6	4	8	2	62	79	1
872	7	1	10	8	7	67	209	1
873	4	3	10	4	6	66	87	1
874	6	7	9	4	4	64	159	1
875	10	1	10	9	8	68	215	1
876	8	6	8	8	2	62	124	1
877	1	1	5	2	4	64	125	1
878	9	8	1	7	8	68	79	1
879	3	4	1	5	2	62	0	1
880	8	7	10	1	6	66	113	1
881	10	4	7	8	5	65	139	1
882	5	3	10	6	5	65	153	1
883	4	6	6	10	4	64	164	1
884	7	3	3	1	4	64	75	1
885	10	2	9	1	1	61	155	1
886	1	6	5	4	4	64	109	1
887	5	1	3	2	2	62	18	1
888	7	8	2	5	5	65	8	1
889	2	2	7	9	8	68	88	1
890	1	4	9	1	8	68	79	1
891	4	9	10	1	10	70	165	1
892	9	5	2	8	7	67	128	1
893	7	8	6	10	2	62	43	1
894	10	7	9	3	4	64	24	1
895	4	3	6	9	6	66	200	1
896	5	8	6	3	5	65	79	1
897	3	1	8	9	9	69	1	1
898	5	6	5	1	5	65	46	1
899	8	1	5	10	9	69	90	1
900	1	6	8	2	8	68	37	1
901	6	10	2	9	4	64	161	1
902	4	4	9	4	5	65	133	1
903	9	3	10	6	3	63	135	1
904	2	1	6	2	4	64	73	1
905	6	7	5	1	6	66	9	1
906	3	3	6	6	4	64	65	1
907	2	4	10	2	8	68	213	1
908	8	7	3	2	7	67	5	1
909	2	5	10	9	8	68	47	1
910	2	2	7	6	6	66	119	1
911	2	7	7	6	5	65	2	1
912	1	7	5	9	4	64	82	1
913	7	5	4	2	4	64	120	1
914	8	6	10	8	2	62	9	1
915	2	6	3	6	1	61	105	1
916	6	4	6	7	3	63	219	1
917	10	8	6	7	4	64	168	1
918	2	2	3	6	4	64	144	1
919	4	9	1	2	7	67	3	1
920	9	10	5	9	4	64	2	1
921	9	6	1	1	9	69	38	1
922	9	10	1	10	8	68	120	1
923	9	3	6	10	7	67	41	1
924	8	4	3	2	5	65	141	1
925	5	6	4	8	2	62	23	1
926	3	6	4	6	1	61	20	1
927	7	2	4	10	8	68	178	1
928	1	4	7	6	6	66	51	1
929	4	2	9	7	7	67	201	1
930	10	4	4	7	6	66	40	1
931	7	6	10	2	5	65	171	1
932	2	8	6	2	7	67	42	1
933	4	9	3	4	5	65	196	1
934	4	10	5	5	5	65	93	1
935	6	2	3	5	4	64	147	1
936	3	2	6	5	4	64	202	1
937	8	4	1	8	8	68	209	1
938	8	5	7	8	3	63	77	1
939	7	7	8	1	6	66	129	1
940	7	5	7	7	2	62	239	1
941	8	5	3	4	5	65	31	1
942	8	1	5	8	7	67	86	1
943	7	6	9	10	4	64	99	1
944	7	4	6	7	3	63	214	1
945	6	1	9	9	8	68	91	1
946	9	5	4	8	5	65	118	1
947	10	7	3	9	7	67	93	1
948	4	2	10	3	6	66	188	1
949	8	5	6	4	2	62	73	1
950	2	6	10	8	8	68	20	1
951	9	1	2	4	7	67	37	1
952	4	10	2	3	7	67	84	1
953	10	8	9	4	4	64	156	1
954	5	9	10	5	6	66	238	1
955	5	2	2	2	3	63	128	1
956	10	2	1	10	12	72	204	1
957	7	5	9	10	5	65	230	1
958	10	5	1	2	9	69	167	1
959	7	3	6	9	6	66	102	1
960	6	3	3	2	3	63	95	1
961	2	5	6	8	5	65	205	1
962	3	4	1	5	2	62	180	1
963	10	6	2	10	8	68	45	1
964	2	6	6	6	4	64	130	1
965	6	1	6	7	6	66	137	1
966	8	3	9	6	3	63	236	1
967	4	10	5	1	9	69	157	1
968	8	1	1	6	8	68	197	1
969	4	5	7	3	3	63	214	1
970	10	2	9	9	7	67	58	1
971	9	4	1	8	8	68	17	1
972	7	6	5	5	2	62	175	1
973	6	4	3	1	4	64	60	1
974	9	10	5	7	5	65	59	1
975	7	5	3	9	5	65	93	1
976	1	5	3	6	2	62	59	1
977	1	5	8	4	7	67	208	1
978	9	8	7	2	6	66	133	1
979	10	6	6	8	4	64	164	1
980	5	5	1	2	5	65	138	1
981	3	7	10	1	9	69	15	1
982	5	5	1	9	5	65	121	1
983	9	9	7	4	5	65	165	1
984	7	6	5	6	2	62	129	1
985	10	6	3	9	7	67	186	1
986	7	4	10	1	4	64	78	1
987	8	3	1	3	7	67	191	1
988	4	8	10	7	6	66	37	1
989	4	1	1	10	9	69	6	1
990	7	8	4	7	3	63	205	1
991	4	9	9	8	5	65	119	1
992	7	6	2	4	5	65	33	1
993	9	10	3	3	9	69	23	1
994	3	2	1	10	8	68	233	1
995	2	8	1	10	2	62	196	1
996	2	2	3	4	2	62	63	1
997	1	10	8	2	10	70	179	1
998	8	3	4	4	4	64	135	1
999	3	5	2	7	2	62	116	1
1000	7	5	1	6	6	66	109	1