0	5	5	0	0	0	0	0	0
1	5	3	7	3	2	62	13	1
2	1	2	10	9	11	71	44	1
3	7	2	7	4	2	62	410	1
4	4	1	3	5	4	64	666	1
5	4	1	8	5	5	65	714	1
6	3	4	2	10	6	66	423	1
7	10	6	9	8	2	62	454	1
8	2	6	3	1	5	65	421	1
9	10	6	2	2	8	68	12	1
10	7	5	6	9	4	64	580	1
11	9	10	1	8	8	68	750	1
12	3	6	8	2	6	66	154	1
13	10	4	5	5	5	65	69	1
14	2	2	2	3	1	61	168	1
15	8	4	5	2	3	63	399	1
16	8	9	5	10	3	63	256	1
17	10	8	6	9	4	64	463	1
18	7	1	3	6	6	66	957	1
19	3	5	1	1	4	64	292	1
20	3	8	7	1	8	68	89	1
21	5	5	8	8	4	64	678	1
22	6	7	6	5	2	62	900	1
23	4	3	1	10	7	67	915	1
24	4	6	4	6	0	60	104	1
25	9	6	3	7	6	66	322	1
26	1	6	1	1	5	65	306	1
27	8	5	6	1	4	64	6	1
28	9	9	6	4	5	65	134	1
29	5	7	10	5	5	65	430	1
30	1	9	3	2	7	67	361	1
31	7	6	4	9	4	64	82	1
32	5	5	4	7	2	62	373	1
33	2	5	10	10	9	69	94	1
34	2	2	1	4	2	62	419	1
35	9	3	1	8	9	69	642	1
36	8	7	10	3	4	64	114	1
37	6	7	3	5	3	63	561	1
38	10	5	10	9	4	64	689	1
39	8	6	8	6	0	60	164	1
40	3	1	2	2	1	61	639	1
41	4	4	8	7	5	65	903	1
42	6	5	2	1	5	65	37	1
43	6	4	2	1	5	65	577	1
44	2	3	9	5	7	67	295	1
45	6	2	4	9	7	67	868	1
46	7	9	9	4	5	65	596	1
47	10	3	3	2	7	67	464	1
48	1	2	5	9	8	68	363	1
49	2	1	7	10	10	70	843	1
50	8	9	5	3	6	66	337	1
51	9	10	7	7	3	63	765	1
52	3	4	5	9	5	65	777	1
53	9	7	6	6	3	63	84	1
54	5	8	8	1	7	67	381	1
55	4	9	2	9	2	62	443	1
56	9	9	10	1	8	68	229	1
57	9	10	3	3	9	69	466	1
58	3	3	3	3	0	60	850	1
59	4	1	1	5	5	65	234	1
60	1	10	1	9	1	61	595	1
61	5	7	6	8	1	61	494	1
62	6	5	1	5	5	65	942	1
63	5	8	10	10	5	65	257	1
64	1	6	10	7	9	69	674	1
65	10	2	7	6	5	65	686	1
66	5	5	8	3	3	63	676	1
67	8	10	8	3	7	67	939	1
68	9	6	5	9	5	65	923	1
69	10	8	9	3	5	65	284	1
70	8	2	3	7	7	67	422	1
71	7	7	3	4	5	65	373	1
72	1	4	9	3	8	68	727	1
73	10	9	5	1	9	69	737	1
74	6	8	5	6	2	62	612	1
75	9	1	10	8	7	67	75	1
76	6	3	5	10	7	67	421	1
77	5	3	2	10	7	67	217	1
78	1	7	4	8	3	63	170	1
79	2	7	5	5	3	63	655	1
80	8	6	6	10	4	64	768	1
81	1	2	10	1	9	69	715	1
82	3	7	10	8	7	67	318	1
83	7	8	2	7	5	65	341	1
84	3	7	5	3	4	64	831	1
85	2	7	2	10	3	63	248	1
86	4	10	1	3	7	67	250	1
87	5	1	5	6	5	65	759	1
88	2	8	8	9	6	66	522	1
89	4	4	2	2	2	62	645	1
90	2	1	6	5	5	65	327	1
91	2	10	4	7	3	63	60	1
92	3	4	6	5	3	63	590	1
93	3	5	3	8	3	63	357	1
94	9	2	10	7	5	65	156	1
95	10	7	4	3	7	67	103	1
96	2	7	7	1	7	67	282	1
97	5	9	4	2	7	67	222	1
98	7	4	3	5	4	64	444	1
99	8	5	7	6	1	61	0	1
100	1	4	6	1	5	65	439	1
101	3	10	2	5	5	65	920	1
102	8	6	4	8	4	64	149	1
103	5	5	7	10	5	65	897	1
104	3	2	10	3	7	67	33	1
105	6	4	8	3	2	62	465	1
106	5	4	9	10	7	67	703	1
107	3	3	7	3	4	64	874	1
108	7	9	5	6	3	63	204	1
109	5	1	4	8	7	67	952	1
110	6	8	2	5	5	65	616	1
111	2	5	2	2	3	63	895	1
112	9	4	9	7	3	63	750	1
113	8	6	10	1	5	65	897	1
114	1	5	10	8	9	69	527	1
115	4	2	8	3	4	64	793	1
116	9	3	5	3	4	64	608	1
117	7	4	1	7	6	66	710	1
118	6	4	7	10	6	66	368	1
119	2	7	9	7	7	67	377	1
120	2	5	8	10	7	67	503	1
121	8	6	8	5	1	61	875	1
122	2	7	8	9	6	66	675	1
123	9	4	7	5	2	62	842	1
124	6	4	3	5	3	63	335	1
125	8	2	7	1	1	61	704	1
126	2	1	10	7	10	70	235	1
127	7	8	3	6	4	64	247	1
128	8	1	4	4	5	65	590	1
129	1	10	6	6	6	66	171	1
130	2	8	9	1	9	69	557	1
131	4	8	10	8	6	66	130	1
132	1	5	8	3	7	67	235	1
133	3	7	5	5	2	62	167	1
134	8	1	4	7	7	67	646	1
135	2	7	5	8	3	63	391	1
136	6	7	4	2	5	65	697	1
137	3	8	2	3	5	65	446	1
138	5	6	2	9	4	64	673	1
139	10	4	2	10	10	70	497	1
140	3	4	7	5	4	64	92	1
141	5	5	4	5	1	61	71	1
142	7	6	2	2	6	66	802	1
143	6	5	6	4	1	61	631	1
144	4	10	10	2	10	70	226	1
145	3	1	9	6	7	67	30	1
146	10	7	10	3	4	64	229	1
147	10	5	5	3	5	65	613	1
148	6	5	5	4	1	61	221	1
149	4	7	2	6	2	62	55	1
150	2	9	9	1	10	70	66	1
151	6	1	1	10	10	70	270	1
152	9	8	8	1	7	67	75	1
153	6	8	9	3	5	65	955	1
154	7	9	8	9	1	61	211	1
155	5	8	5	8	0	60	572	1
156	10	1	3	1	7	67	537	1
157	7	10	6	2	8	68	373	1
158	3	3	4	2	1	61	909	1
159	3	1	6	10	9	69	695	1
160	10	7	3	7	7	67	291	1
161	1	6	9	9	8	68	626	1
162	2	10	6	3	8	68	79	1
163	10	3	8	2	2	62	5	1
164	8	10	10	8	2	62	795	1
165	10	8	2	10	8	68	9	1
166	5	6	4	8	2	62	19	1
167	6	4	9	5	3	63	368	1
168	6	8	7	6	2	62	889	1
169	4	4	10	5	6	66	900	1
170	10	3	7	4	3	63	450	1
171	9	10	3	3	9	69	387	1
172	4	1	6	8	7	67	210	1
173	4	6	5	1	5	65	78	1
174	2	7	3	4	3	63	764	1
175	8	3	8	7	4	64	197	1
176	2	3	10	7	8	68	123	1
177	2	7	2	3	4	64	942	1
178	9	9	4	9	5	65	61	1
179	6	4	6	10	6	66	911	1
180	6	7	10	8	4	64	868	1
181	4	2	3	7	5	65	376	1
182	1	1	8	9	10	70	227	1
183	7	2	7	7	5	65	649	1
184	10	6	10	10	4	64	467	1
185	6	10	8	6	4	64	321	1
186	3	6	7	1	6	66	841	1
187	7	9	2	10	5	65	678	1
188	10	8	9	2	6	66	941	1
189	9	6	7	4	2	62	413	1
190	3	6	10	7	7	67	167	1
191	1	2	6	4	5	65	362	1
192	4	3	1	1	3	63	175	1
193	6	4	7	10	6	66	183	1
194	10	10	3	9	7	67	172	1
195	4	4	5	5	1	61	503	1
196	4	2	5	7	5	65	795	1
197	1	2	7	3	6	66	132	1
198	6	6	8	7	2	62	500	1
199	1	9	10	7	9	69	229	1
200	2	5	3	9	4	64	476	1
201	4	10	6	4	6	66	614	1
202	4	6	9	3	5	65	899	1
203	6	10	4	8	2	62	26	1
204	10	8	8	9	2	62	733	1
205	9	9	6	8	3	63	736	1
206	8	1	5	5	5	65	83	1
207	2	3	5	5	3	63	198	1
208	8	10	7	2	8	68	731	1
209	4	3	5	9	6	66	746	1
210	4	1	9	8	8	68	647	1
211	7	7	3	5	4	64	308	1
212	9	8	5	2	7	67	237	1
213	9	9	8	9	1	61	537	1
214	9	10	8	4	6	66	835	1
215	2	3	1	2	1	61	449	1
216	8	2	10	5	3	63	812	1
217	8	7	8	8	1	61	690	1
218	9	3	4	3	5	65	937	1
219	9	2	9	5	3	63	343	1
220	8	1	5	9	8	68	710	1
221	6	6	3	1	5	65	60	1
222	2	7	8	7	6	66	872	1
223	9	6	5	3	5	65	940	1
224	3	4	10	2	7	67	68	1
225	7	5	2	8	5	65	277	1
226	8	3	9	8	5	65	191	1
227	2	4	3	3	1	61	318	1
228	2	4	10	8	8	68	49	1
229	5	3	10	4	5	65	915	1
230	6	8	2	4	5	65	492	1
231	6	6	1	2	6	66	165	1
232	10	1	9	1	1	61	210	1
233	7	10	6	6	4	64	604	1
234	8	3	8	1	2	62	49	1
235	10	9	10	2	7	67	891	1
236	9	7	3	8	6	66	568	1
237	9	10	6	10	3	63	917	1
238	8	10	6	4	6	66	88	1
239	4	2	6	5	3	63	269	1
240	8	3	7	1	2	62	951	1
241	8	10	6	7	3	63	34	1
242	1	1	7	6	7	67	515	1
243	2	4	10	6	8	68	633	1
244	5	5	4	2	3	63	582	1
245	5	6	5	8	2	62	852	1
246	9	5	5	9	5	65	656	1
247	2	10	9	3	9	69	54	1
248	6	1	9	10	9	69	746	1
249	5	10	2	10	3	63	417	1
250	7	5	3	4	4	64	203	1
251	5	3	9	4	4	64	9	1
252	9	8	7	4	4	64	887	1
253	1	7	6	3	6	66	262	1
254	7	2	5	10	8	68	337	1
255	3	1	9	10	10	70	135	1
256	3	10	9	9	6	66	422	1
257	6	2	4	9	7	67	319	1
258	4	5	7	4	3	63	466	1
259	1	9	6	2	8	68	582	1
260	7	5	7	10	5	65	826	1
261	4	1	6	5	4	64	648	1
262	9	2	8	7	5	65	92	1
263	9	8	6	9	3	63	111	1
264	9	7	8	8	1	61	8	1
265	4	3	9	2	5	65	325	1
266	5	5	3	5	2	62	236	1
267	1	4	10	6	9	69	151	1
268	4	2	6	2	2	62	136	1
269	6	7	8	3	4	64	410	1
270	5	4	1	1	5	65	273	1
271	3	4	6	4	3	63	434	1
272	7	9	7	6	3	63	485	1
273	7	9	10	6	4	64	727	1
274	8	3	5	3	3	63	753	1
275	7	7	8	1	6	66	91	1
276	1	10	5	2	8	68	647	1
277	9	1	7	9	8	68	213	1
278	1	1	1	9	8	68	89	1
279	9	8	3	10	6	66	501	1
280	5	4	6	4	1	61	297	1
281	8	6	4	10	5	65	936	1
282	7	3	1	3	6	66	254	1
283	5	9	1	7	4	64	958	1
284	6	2	5	7	5	65	220	1
285	1	3	9	1	8	68	533	1
286	5	1	2	5	5	65	143	1
287	4	3	8	10	8	68	271	1
288	7	7	1	3	7	67	510	1
289	5	6	7	1	5	65	330	1
290	1	1	4	9	8	68	510	1
291	1	7	9	10	8	68	217	1
292	5	8	7	8	2	62	541	1
293	7	4	6	2	2	62	187	1
294	7	9	5	9	2	62	938	1
295	10	9	7	2	7	67	11	1
296	1	2	2	1	1	61	934	1
297	2	9	9	7	7	67	548	1
298	10	8	2	1	10	70	227	1
299	8	6	10	2	4	64	817	1
300	10	7	2	7	8	68	889	1
301	5	5	10	3	5	65	673	1
302	4	10	6	6	4	64	126	1
303	4	4	8	10	7	67	346	1
304	5	9	6	2	7	67	131	1
305	8	1	10	8	7	67	907	1
306	8	5	7	9	4	64	777	1
307	1	10	2	5	5	65	771	1
308	6	1	6	8	7	67	265	1
309	1	8	1	1	7	67	830	1
310	9	7	6	3	5	65	368	1
311	3	10	7	1	9	69	131	1
312	6	8	3	8	3	63	425	1
313	3	9	6	1	8	68	11	1
314	2	3	4	3	2	62	481	1
315	9	4	6	10	6	66	851	1
316	8	6	5	5	3	63	91	1
317	9	2	10	1	1	61	937	1
318	4	3	1	3	3	63	633	1
319	10	1	3	7	9	69	728	1
320	10	5	9	8	3	63	368	1
321	3	2	2	10	8	68	315	1
322	9	6	8	3	3	63	731	1
323	2	8	6	7	4	64	30	1
324	6	6	1	2	6	66	467	1
325	8	1	1	4	7	67	525	1
326	5	9	6	5	4	64	800	1
327	3	8	10	5	7	67	96	1
328	4	2	4	10	8	68	322	1
329	7	2	7	5	3	63	30	1
330	4	3	8	3	4	64	629	1
331	10	5	10	4	1	61	412	1
332	7	3	10	7	5	65	824	1
333	9	10	7	1	9	69	693	1
334	3	8	1	4	4	64	683	1
335	4	7	8	7	4	64	909	1
336	8	7	9	6	1	61	544	1
337	4	6	2	7	2	62	135	1
338	9	2	9	1	1	61	689	1
339	7	7	1	8	6	66	563	1
340	2	1	5	4	4	64	279	1
341	9	5	7	6	2	62	224	1
342	9	1	6	9	8	68	185	1
343	8	4	7	3	1	61	171	1
344	4	3	3	5	2	62	658	1
345	7	7	7	9	2	62	534	1
346	6	7	2	9	4	64	949	1
347	2	2	10	8	10	70	473	1
348	9	6	4	10	6	66	42	1
349	10	4	5	4	5	65	403	1
350	2	3	8	6	6	66	555	1
351	1	7	6	1	7	67	722	1
352	10	8	3	5	7	67	86	1
353	4	4	10	10	8	68	569	1
354	7	1	1	1	6	66	921	1
355	9	8	7	3	5	65	657	1
356	2	3	5	7	5	65	139	1
357	8	7	9	1	6	66	287	1
358	4	10	1	4	6	66	474	1
359	8	3	3	8	7	67	959	1
360	5	9	8	10	3	63	952	1
361	2	5	10	5	8	68	959	1
362	6	8	3	1	7	67	605	1
363	10	3	7	9	6	66	110	1
364	3	10	6	4	6	66	554	1
365	7	6	8	2	4	64	594	1
366	5	4	2	10	6	66	627	1
367	5	2	5	6	4	64	692	1
368	8	1	9	6	5	65	138	1
369	3	6	1	4	2	62	394	1
370	2	5	5	10	5	65	754	1
371	7	9	5	9	2	62	947	1
372	3	1	5	4	3	63	883	1
373	10	5	9	10	5	65	279	1
374	10	2	3	3	7	67	245	1
375	8	3	2	8	7	67	252	1
376	6	2	6	8	6	66	481	1
377	6	3	10	5	4	64	174	1
378	1	2	7	5	6	66	718	1
379	5	10	5	4	6	66	371	1
380	8	2	5	8	6	66	380	1
381	7	8	3	4	5	65	584	1
382	10	7	4	10	6	66	828	1
383	8	6	10	10	4	64	950	1
384	8	4	8	7	3	63	47	1
385	9	9	7	2	7	67	517	1
386	8	8	8	6	2	62	830	1
387	8	9	7	9	1	61	425	1
388	3	5	1	10	5	65	195	1
389	10	1	4	6	7	67	424	1
390	10	2	3	1	7	67	115	1
391	8	6	8	6	0	60	478	1
392	6	5	1	6	5	65	687	1
393	6	9	2	3	7	67	572	1
394	10	7	7	10	4	64	77	1
395	3	2	10	2	7	67	782	1
396	4	1	9	4	5	65	417	1
397	10	4	10	5	1	61	165	1
398	3	1	5	3	2	62	336	1
399	10	9	10	8	1	61	282	1
400	6	3	7	9	6	66	120	1
401	7	8	7	1	7	67	5	1
402	8	1	10	6	5	65	571	1
403	2	1	1	8	7	67	174	1
404	3	1	7	6	6	66	79	1
405	7	2	1	8	8	68	653	1
406	8	3	3	2	5	65	287	1
407	6	3	4	7	4	64	486	1
408	9	10	4	5	7	67	40	1
409	4	1	6	1	2	62	365	1
410	3	9	5	5	4	64	460	1
411	10	5	3	7	7	67	759	1
412	10	7	7	6	3	63	918	1
413	7	3	1	9	8	68	698	1
414	1	3	10	2	9	69	752	1
415	7	9	2	8	5	65	752	1
416	8	5	7	2	3	63	632	1
417	4	4	9	1	5	65	597	1
418	7	2	6	2	1	61	358	1
419	8	3	3	3	5	65	290	1
420	7	4	6	3	1	61	940	1
421	6	6	2	3	5	65	3	1
422	3	2	8	6	6	66	511	1
423	6	4	3	3	3	63	89	1
424	10	8	8	6	2	62	729	1
425	9	9	9	7	2	62	135	1
426	10	9	2	7	8	68	32	1
427	3	9	9	4	7	67	501	1
428	2	1	3	7	6	66	860	1
429	8	10	8	9	1	61	690	1
430	3	2	3	8	6	66	17	1
431	7	8	1	3	7	67	256	1
432	3	7	10	2	8	68	347	1
433	2	5	6	7	4	64	533	1
434	7	4	5	7	3	63	452	1
435	5	6	1	8	4	64	332	1
436	6	3	5	7	4	64	320	1
437	5	1	3	6	5	65	873	1
438	9	5	4	7	5	65	882	1
439	5	9	9	7	4	64	139	1
440	2	2	7	8	7	67	721	1
441	7	5	1	8	6	66	91	1
442	1	10	8	6	8	68	205	1
443	3	9	9	1	10	70	398	1
444	6	2	1	5	5	65	824	1
445	8	10	9	2	8	68	120	1
446	2	1	10	8	10	70	41	1
447	9	9	8	3	6	66	165	1
448	8	5	2	9	7	67	378	1
449	1	4	8	5	7	67	140	1
450	2	1	1	4	3	63	538	1
451	8	7	3	6	5	65	223	1
452	2	8	3	7	1	61	519	1
453	2	10	10	2	11	71	213	1
454	9	9	9	2	7	67	45	1
455	8	6	8	8	2	62	172	1
456	2	4	5	9	5	65	59	1
457	3	8	9	9	6	66	781	1
458	9	7	10	5	2	62	404	1
459	6	2	3	6	5	65	170	1
460	5	5	6	3	2	62	887	1
461	6	3	9	2	3	63	798	1
462	8	10	1	6	8	68	749	1
463	1	2	2	10	8	68	494	1
464	5	2	6	6	4	64	185	1
465	8	9	6	10	2	62	786	1
466	2	8	4	1	7	67	185	1
467	10	6	7	10	5	65	310	1
468	8	6	6	3	3	63	279	1
469	5	9	3	3	6	66	419	1
470	8	7	3	9	5	65	77	1
471	1	3	5	9	7	67	698	1
472	8	3	3	6	5	65	227	1
473	2	4	4	6	2	62	537	1
474	6	8	6	10	2	62	868	1
475	7	10	10	5	5	65	649	1
476	7	2	9	2	2	62	487	1
477	1	9	1	7	2	62	558	1
478	7	2	2	6	6	66	944	1
479	3	10	8	1	10	70	167	1
480	5	7	6	4	3	63	669	1
481	4	5	1	6	3	63	918	1
482	7	7	1	9	6	66	158	1
483	10	10	6	8	4	64	340	1
484	10	7	6	3	5	65	491	1
485	2	1	2	5	4	64	632	1
486	8	1	5	8	7	67	160	1
487	7	9	10	1	8	68	631	1
488	6	1	9	2	3	63	119	1
489	9	8	7	10	2	62	615	1
490	2	6	9	3	7	67	209	1
491	4	3	7	1	3	63	251	1
492	10	2	8	7	5	65	299	1
493	10	10	8	2	8	68	905	1
494	1	5	7	5	6	66	833	1
495	7	3	4	1	3	63	647	1
496	1	7	2	4	3	63	261	1
497	6	7	5	4	3	63	779	1
498	5	10	7	1	9	69	748	1
499	1	1	4	2	3	63	151	1
500	6	5	2	2	5	65	844	1
501	2	2	2	10	8	68	112	1
502	1	1	1	8	7	67	888	1
503	6	4	1	10	7	67	522	1
504	9	7	3	8	6	66	440	1
505	1	3	4	4	3	63	343	1
506	1	4	4	8	5	65	390	1
507	8	2	8	3	1	61	36	1
508	9	3	1	6	8	68	528	1
509	9	8	10	5	3	63	155	1
510	9	10	3	9	6	66	825	1
511	3	9	10	5	8	68	398	1
512	1	6	8	2	8	68	446	1
513	1	5	6	2	5	65	288	1
514	6	9	3	4	5	65	266	1
515	8	4	10	8	4	64	647	1
516	8	3	6	10	7	67	613	1
517	5	3	4	4	1	61	881	1
518	5	7	3	9	2	62	368	1
519	6	3	10	9	7	67	250	1
520	9	5	8	8	3	63	940	1
521	2	3	5	6	4	64	73	1
522	8	5	4	7	4	64	236	1
523	9	4	2	1	7	67	35	1
524	10	10	3	6	8	68	699	1
525	9	8	8	8	1	61	71	1
526	4	5	7	2	4	64	31	1
527	4	10	5	9	1	61	227	1
528	9	8	1	7	8	68	468	1
529	4	9	9	4	7	67	372	1
530	5	2	4	3	1	61	166	1
531	7	7	10	4	4	64	577	1
532	9	7	9	9	2	62	922	1
533	2	6	4	4	2	62	891	1
534	4	6	10	9	6	66	60	1
535	7	8	2	8	5	65	492	1
536	6	10	2	10	4	64	55	1
537	4	10	5	1	9	69	679	1
538	9	3	1	1	8	68	942	1
539	5	2	3	10	8	68	456	1
540	7	10	3	4	7	67	174	1
541	10	6	2	6	8	68	503	1
542	4	8	9	10	5	65	42	1
543	8	1	9	8	7	67	348	1
544	7	9	8	4	5	65	708	1
545	9	8	6	7	3	63	261	1
546	7	6	1	4	6	66	514	1
547	9	3	5	5	4	64	614	1
548	5	10	8	8	3	63	317	1
549	4	4	3	8	4	64	281	1
550	9	3	3	3	6	66	418	1
551	6	8	7	5	3	63	588	1
552	4	8	7	1	7	67	818	1
553	5	1	8	8	7	67	560	1
554	1	5	10	2	9	69	132	1
555	1	4	9	2	8	68	740	1
556	9	5	5	5	4	64	243	1
557	3	10	7	9	4	64	35	1
558	10	6	2	3	8	68	217	1
559	5	8	9	8	4	64	506	1
560	1	1	8	2	7	67	637	1
561	10	4	10	4	0	60	146	1
562	8	7	8	4	3	63	387	1
563	9	2	4	8	7	67	246	1
564	4	5	4	6	1	61	671	1
565	6	10	6	2	8	68	542	1
566	6	6	1	7	5	65	955	1
567	5	1	3	5	4	64	761	1
568	1	3	5	7	5	65	294	1
569	1	10	4	9	3	63	228	1
570	2	6	5	4	3	63	896	1
571	4	6	7	1	5	65	174	1
572	2	3	9	2	7	67	358	1
573	6	3	1	9	7	67	447	1
574	5	4	2	3	3	63	155	1
575	5	10	6	4	6	66	571	1
576	7	9	9	1	8	68	319	1
577	4	10	7	7	4	64	622	1
578	3	5	6	9	5	65	490	1
579	10	2	3	7	8	68	847	1
580	3	9	10	1	10	70	91	1
581	7	1	3	1	4	64	816	1
582	3	1	5	10	9	69	339	1
583	6	7	6	1	6	66	29	1
584	2	8	4	7	2	62	504	1
585	7	8	3	4	5	65	799	1
586	10	4	6	9	6	66	828	1
587	3	10	4	4	6	66	443	1
588	3	6	5	1	5	65	239	1
589	5	7	9	1	7	67	872	1
590	4	3	4	10	7	67	544	1
591	3	5	1	2	3	63	291	1
592	9	2	8	3	1	61	789	1
593	10	10	9	1	9	69	149	1
594	3	10	10	2	10	70	742	1
595	3	8	6	1	7	67	207	1
596	10	5	10	10	5	65	651	1
597	9	7	4	8	5	65	309	1
598	2	9	8	6	6	66	904	1
599	9	5	9	4	1	61	900	1
600	9	4	8	2	2	62	601	1
601	2	9	5	9	3	63	892	1
602	7	7	2	5	5	65	617	1
603	6	5	8	10	5	65	356	1
604	10	3	5	4	5	65	500	1
605	3	5	2	9	4	64	201	1
606	4	7	3	7	1	61	392	1
607	7	6	4	5	3	63	555	1
608	6	8	3	2	6	66	690	1
609	9	7	9	8	1	61	260	1
610	4	6	1	9	4	64	120	1
611	4	10	9	3	8	68	812	1
612	2	10	9	2	10	70	367	1
613	6	4	8	1	3	63	68	1
614	9	9	9	8	1	61	440	1
615	8	6	3	1	7	67	496	1
616	8	8	9	8	1	61	91	1
617	10	8	3	6	7	67	646	1
618	3	7	2	1	6	66	13	1
619	1	10	10	4	10	70	353	1
620	7	5	2	7	5	65	858	1
621	5	5	6	2	3	63	217	1
622	4	9	6	5	4	64	574	1
623	4	6	3	1	5	65	577	1
624	1	4	3	9	5	65	917	1
625	5	6	4	3	3	63	940	1
626	7	4	8	4	1	61	476	1
627	6	5	9	5	3	63	772	1
628	2	7	6	7	4	64	106	1
629	2	6	2	10	4	64	843	1
630	7	8	1	4	7	67	660	1
631	5	2	6	3	1	61	350	1
632	8	1	9	1	1	61	620	1
633	7	3	3	3	4	64	219	1
634	6	8	5	3	5	65	25	1
635	9	4	5	5	4	64	794	1
636	1	6	7	6	6	66	7	1
637	8	6	3	10	6	66	409	1
638	5	10	3	2	8	68	190	1
639	9	2	10	7	5	65	4	1
640	10	1	6	5	5	65	414	1
641	2	9	9	2	9	69	438	1
642	9	8	2	5	7	67	431	1
643	8	8	10	8	2	62	435	1
644	7	5	5	1	4	64	39	1
645	6	1	5	5	4	64	510	1
646	7	1	10	10	9	69	738	1
647	10	7	3	5	7	67	946	1
648	5	3	2	9	6	66	397	1
649	8	3	8	2	1	61	246	1
650	8	1	8	5	4	64	753	1
651	8	3	3	10	8	68	526	1
652	1	4	8	5	7	67	331	1
653	9	4	1	6	8	68	808	1
654	1	6	6	1	7	67	219	1
655	2	3	1	8	5	65	710	1
656	2	7	7	7	5	65	591	1
657	1	8	6	8	5	65	291	1
658	1	6	1	3	3	63	342	1
659	10	7	3	3	8	68	567	1
660	2	2	10	6	8	68	370	1
661	10	4	5	10	7	67	50	1
662	3	6	2	3	3	63	746	1
663	7	9	3	8	4	64	615	1
664	9	9	3	1	10	70	432	1
665	7	6	6	1	5	65	708	1
666	5	3	9	5	4	64	941	1
667	10	9	4	8	6	66	552	1
668	4	6	3	6	1	61	926	1
669	4	7	5	2	5	65	601	1
670	7	8	7	9	1	61	949	1
671	2	10	3	1	9	69	508	1
672	4	7	1	8	3	63	606	1
673	5	7	7	4	3	63	803	1
674	5	8	3	6	2	62	659	1
675	3	9	4	1	8	68	100	1
676	7	7	10	9	3	63	259	1
677	3	5	5	5	2	62	781	1
678	3	9	8	4	7	67	171	1
679	10	4	4	3	6	66	680	1
680	10	2	2	1	8	68	76	1
681	8	7	10	1	6	66	107	1
682	2	1	2	4	3	63	566	1
683	6	4	3	1	4	64	884	1
684	2	1	1	6	5	65	356	1
685	3	9	7	5	5	65	807	1
686	5	3	1	6	5	65	521	1
687	6	2	3	2	3	63	959	1
688	2	4	10	6	8	68	79	1
689	6	9	5	9	1	61	585	1
690	3	1	6	3	3	63	223	1
691	3	1	10	7	9	69	547	1
692	1	4	1	3	1	61	583	1
693	1	1	2	8	7	67	681	1
694	4	5	10	4	6	66	39	1
695	5	3	3	10	7	67	674	1
696	4	10	4	7	3	63	470	1
697	1	8	6	5	5	65	913	1
698	2	1	4	5	4	64	476	1
699	4	1	8	6	6	66	213	1
700	4	5	10	9	7	67	857	1
701	10	10	3	10	7	67	616	1
702	5	3	7	1	2	62	903	1
703	10	10	9	10	1	61	827	1
704	6	10	6	4	6	66	587	1
705	4	9	9	5	6	66	625	1
706	9	6	7	1	5	65	634	1
707	5	3	7	1	2	62	471	1
708	5	9	7	4	5	65	374	1
709	5	3	9	5	4	64	679	1
710	10	8	3	1	9	69	302	1
711	9	1	2	7	9	69	18	1
712	4	6	10	4	6	66	635	1
713	2	4	1	2	2	62	960	1
714	7	10	2	7	5	65	722	1
715	1	1	4	10	9	69	655	1
716	3	3	6	10	7	67	436	1
717	10	3	6	6	5	65	720	1
718	5	10	6	3	7	67	660	1
719	10	3	9	4	1	61	346	1
720	3	9	2	1	8	68	485	1
721	7	5	9	2	3	63	480	1
722	10	3	2	3	8	68	715	1
723	10	7	3	4	7	67	766	1
724	7	7	9	6	2	62	467	1
725	9	5	2	9	8	68	733	1
726	2	1	8	5	7	67	118	1
727	5	6	6	9	3	63	500	1
728	6	5	3	4	3	63	594	1
729	5	8	7	10	2	62	83	1
730	2	5	8	7	6	66	504	1
731	1	4	10	8	9	69	669	1
732	4	5	1	10	5	65	31	1
733	10	8	9	8	1	61	8	1
734	10	1	3	2	7	67	528	1
735	1	7	6	5	5	65	733	1
736	5	7	1	5	4	64	496	1
737	10	9	3	7	7	67	275	1
738	4	2	5	9	7	67	205	1
739	9	8	2	7	7	67	51	1
740	1	2	5	5	5	65	482	1
741	6	10	1	7	5	65	789	1
742	4	6	5	8	2	62	52	1
743	3	6	7	8	4	64	318	1
744	9	1	7	8	7	67	763	1
745	6	6	6	5	1	61	116	1
746	2	2	8	6	7	67	730	1
747	6	4	2	2	4	64	754	1
748	10	10	8	6	4	64	476	1
749	1	9	3	2	7	67	879	1
750	3	8	6	10	3	63	759	1
751	6	8	6	6	2	62	534	1
752	7	4	6	5	1	61	690	1
753	7	3	5	9	6	66	940	1
754	7	7	1	7	6	66	377	1
755	7	3	2	7	6	66	530	1
756	7	8	10	2	6	66	518	1
757	8	6	8	4	2	62	153	1
758	8	10	10	4	6	66	511	1
759	4	7	9	8	5	65	798	1
760	5	7	6	1	6	66	880	1
761	7	4	1	10	8	68	911	1
762	6	6	1	4	5	65	431	1
763	1	4	3	7	3	63	737	1
764	9	7	9	3	4	64	100	1
765	6	6	9	9	4	64	451	1
766	9	7	4	10	5	65	591	1
767	10	1	4	2	6	66	502	1
768	4	6	9	3	5	65	649	1
769	3	10	9	6	7	67	263	1
770	6	5	10	1	5	65	180	1
771	9	1	8	6	5	65	75	1
772	4	4	9	7	5	65	746	1
773	5	9	2	3	6	66	414	1
774	4	8	10	6	6	66	825	1
775	3	7	2	2	5	65	75	1
776	5	8	7	9	2	62	753	1
777	9	6	7	2	4	64	383	1
778	2	4	8	1	6	66	423	1
779	3	8	3	9	1	61	241	1
780	10	4	8	4	2	62	798	1
781	8	4	8	7	3	63	414	1
782	8	10	4	2	8	68	695	1
783	1	3	3	5	2	62	66	1
784	9	5	4	3	5	65	166	1
785	6	5	6	8	3	63	125	1
786	9	8	6	2	6	66	427	1
787	1	1	10	7	10	70	750	1
788	5	6	2	9	4	64	706	1
789	7	8	10	8	3	63	705	1
790	2	3	4	8	5	65	61	1
791	8	5	5	10	5	65	215	1
792	9	1	3	8	9	69	351	1
793	1	10	3	4	6	66	304	1
794	10	9	5	9	5	65	332	1
795	6	1	1	1	5	65	360	1
796	4	3	5	3	1	61	240	1
797	2	2	2	9	7	67	194	1
798	6	4	1	4	5	65	433	1
799	10	10	1	1	12	72	290	1
800	6	4	8	2	2	62	450	1
801	7	10	2	7	5	65	484	1
802	8	7	4	2	6	66	542	1
803	6	10	1	1	10	70	959	1
804	3	4	4	10	6	66	358	1
805	1	1	3	7	6	66	28	1
806	3	8	8	1	8	68	957	1
807	8	1	3	5	6	66	591	1
808	1	9	4	4	5	65	59	1
809	1	9	5	1	8	68	703	1
810	10	2	4	4	6	66	291	1
811	10	3	9	2	1	61	214	1
812	10	2	9	9	7	67	309	1
813	7	4	4	6	3	63	531	1
814	9	9	9	2	7	67	831	1
815	4	1	3	5	4	64	503	1
816	9	4	1	10	10	70	681	1
817	1	1	3	7	6	66	805	1
818	8	8	10	5	3	63	216	1
819	10	9	5	9	5	65	528	1
820	10	6	3	9	7	67	866	1
821	9	10	10	3	7	67	107	1
822	7	10	8	9	1	61	678	1
823	7	9	10	8	3	63	832	1
824	3	2	5	6	4	64	97	1
825	1	6	2	2	4	64	40	1
826	7	6	6	3	3	63	823	1
827	3	6	4	3	3	63	427	1
828	1	2	6	4	5	65	57	1
829	6	10	3	9	3	63	862	1
830	2	9	3	8	1	61	470	1
831	9	10	1	8	8	68	479	1
832	7	10	6	1	9	69	745	1
833	6	5	4	2	3	63	181	1
834	10	8	4	7	6	66	911	1
835	7	6	3	6	4	64	563	1
836	1	6	7	10	7	67	799	1
837	7	4	10	8	5	65	172	1
838	4	10	8	1	9	69	944	1
839	4	6	8	2	5	65	654	1
840	6	6	4	10	4	64	750	1
841	5	6	9	2	5	65	575	1
842	6	5	8	2	3	63	775	1
843	1	5	8	6	7	67	782	1
844	3	10	8	4	7	67	936	1
845	2	3	2	3	0	60	508	1
846	10	6	9	6	1	61	700	1
847	4	9	3	5	4	64	370	1
848	6	10	10	10	4	64	73	1
849	10	3	2	3	8	68	279	1
850	6	4	10	6	4	64	241	1
851	7	7	10	10	4	64	679	1
852	5	5	5	3	2	62	828	1
853	6	1	10	10	9	69	675	1
854	3	2	1	1	2	62	322	1
855	7	3	10	4	3	63	619	1
856	6	6	2	9	5	65	918	1
857	9	10	3	2	10	70	893	1
858	10	3	10	3	0	60	178	1
859	3	3	3	2	1	61	941	1
860	7	2	6	10	8	68	111	1
861	6	5	4	4	2	62	663	1
862	5	2	7	4	2	62	189	1
863	6	8	1	1	8	68	479	1
864	10	6	7	3	4	64	790	1
865	3	1	5	2	2	62	232	1
866	2	7	4	1	6	66	868	1
867	3	10	3	3	7	67	632	1
868	5	7	10	3	6	66	879	1
869	3	5	2	10	5	65	495	1
870	1	4	2	6	2	62	565	1
871	5	8	4	10	2	62	603	1
872	5	6	1	7	4	64	493	1
873	6	6	6	6	0	60	775	1
874	4	9	8	7	4	64	354	1
875	6	3	10	7	5	65	47	1
876	2	5	7	9	6	66	288	1
877	5	9	5	4	5	65	507	1
878	2	3	4	8	5	65	681	1
879	7	3	5	2	2	62	145	1
880	5	8	5	10	2	62	106	1
881	7	7	7	10	3	63	395	1
882	9	2	4	4	5	65	855	1
883	8	10	2	9	6	66	334	1
884	7	2	8	5	3	63	816	1
885	3	6	1	9	3	63	622	1
886	1	5	10	5	9	69	660	1
887	2	5	10	10	9	69	794	1
888	1	6	8	2	8	68	798	1
889	8	4	3	8	6	66	261	1
890	9	3	9	2	1	61	749	1
891	6	2	6	4	2	62	742	1
892	10	3	5	10	8	68	463	1
893	4	3	8	7	5	65	928	1
894	6	7	9	9	3	63	98	1
895	10	7	7	3	5	65	321	1
896	2	2	7	7	7	67	871	1
897	8	9	2	8	6	66	795	1
898	4	3	7	10	7	67	717	1
899	3	9	5	7	2	62	347	1
900	2	5	9	3	7	67	555	1
901	4	7	5	4	3	63	130	1
902	7	1	6	6	5	65	323	1
903	3	1	1	9	8	68	380	1
904	5	9	5	3	6	66	916	1
905	8	1	8	3	2	62	233	1
906	4	5	9	9	6	66	645	1
907	8	10	1	10	7	67	445	1
908	5	10	9	4	7	67	414	1
909	3	6	4	2	4	64	507	1
910	10	4	8	4	2	62	31	1
911	3	5	4	2	3	63	302	1
912	5	1	3	2	2	62	252	1
913	4	7	7	3	5	65	407	1
914	9	3	9	5	2	62	117	1
915	10	2	5	8	7	67	621	1
916	3	3	5	9	6	66	173	1
917	7	7	7	9	2	62	365	1
918	10	8	5	9	5	65	113	1
919	3	8	8	6	5	65	122	1
920	10	9	4	7	6	66	80	1
921	7	2	5	10	8	68	655	1
922	6	7	10	8	4	64	151	1
923	8	1	1	7	9	69	933	1
924	8	10	7	6	4	64	508	1
925	1	5	1	6	1	61	914	1
926	4	3	6	4	2	62	945	1
927	1	6	2	1	5	65	478	1
928	9	1	5	5	5	65	914	1
929	2	7	1	3	4	64	221	1
930	4	10	2	1	9	69	473	1
931	4	6	8	5	4	64	352	1
932	8	1	10	9	8	68	401	1
933	6	7	2	6	4	64	514	1
934	4	4	2	10	6	66	523	1
935	5	10	4	3	7	67	477	1
936	6	10	4	8	2	62	251	1
937	3	3	3	1	2	62	85	1
938	2	7	3	9	2	62	889	1
939	9	7	10	9	2	62	342	1
940	2	2	10	2	8	68	595	1
941	6	5	4	7	2	62	635	1
942	3	8	5	5	3	63	117	1
943	8	1	1	6	8	68	793	1
944	6	1	9	10	9	69	629	1
945	8	9	1	9	7	67	345	1
946	5	4	8	9	5	65	56	1
947	4	1	1	9	8	68	526	1
948	7	4	2	2	5	65	534	1
949	4	4	3	9	5	65	679	1
950	6	7	8	5	2	62	294	1
951	9	1	2	5	8	68	188	1
952	5	2	2	9	7	67	548	1
953	6	10	5	8	2	62	359	1
954	10	6	2	9	8	68	369	1
955	1	7	8	7	7	67	117	1
956	7	3	9	6	3	63	419	1
957	8	4	10	10	6	66	656	1
958	6	7	8	8	2	62	714	1
959	6	9	8	2	7	67	450	1
960	4	9	4	10	1	61	39	1
961	5	1	2	5	5	65	232	1
962	2	10	4	3	7	67	741	1
963	1	6	5	3	5	65	727	1
964	5	1	10	4	5	65	265	1
965	2	7	3	5	2	62	565	1
966	8	8	3	3	7	67	335	1
967	10	8	8	2	6	66	745	1
968	5	8	2	5	4	64	229	1
969	10	6	1	2	9	69	819	1
970	5	9	9	2	8	68	638	1
971	2	10	5	4	6	66	94	1
972	8	10	7	6	4	64	601	1
973	3	10	5	7	3	63	286	1
974	8	4	1	5	7	67	919	1
975	4	3	9	6	5	65	838	1
976	10	2	6	5	5	65	415	1
977	4	4	1	10	6	66	941	1
978	1	10	5	8	4	64	304	1
979	1	5	7	7	6	66	896	1
980	6	10	6	9	1	61	101	1
981	3	5	2	7	2	62	788	1
982	8	10	8	9	1	61	820	1
983	5	9	3	10	2	62	274	1
984	3	1	7	8	8	68	815	1
985	2	1	4	9	8	68	740	1
986	3	7	3	10	3	63	815	1
987	3	2	5	6	4	64	215	1
988	5	9	4	4	5	65	449	1
989	9	2	10	1	1	61	708	1
990	9	7	4	2	7	67	388	1
991	4	2	1	5	4	64	637	1
992	7	6	4	1	5	65	54	1
993	9	8	3	8	6	66	729	1
994	8	10	2	2	10	70	587	1
995	6	1	8	6	5	65	480	1
996	5	7	7	9	2	62	860	1
997	1	3	3	5	2	62	776	1
998	4	9	3	4	5	65	169	1
999	5	8	3	9	2	62	950	1
1000	2	8	2	5	3	63	393	1